48 0.001 0 0 0 0 0 0 0 0 0 0 0 0 0 0 0 0 0 0 0 0 0 0 0 0 0 0 0 0 0 0 0 0 0 0 0 0 0 0 0 0 0 0 0 0 0 0 0 0 0 0 0 0.000166694 0.000166694 0.000166694
35 0.0005 0 0 0 0 0 0 0 0 0 0 0 0 0 0 0 0 0 0 0 0 0 0 0 0 0 0 0 0 0 0 0 0 0 0 0 0 0 0 0 0 0 0 0 0 0 0 0 0 0 0 0 8.33403e-05 8.33403e-05 8.33403e-05
28 0.0005 0 0 0 0 0 0 0 0 0 0 0 0 0 0 0 0 0 0 0 0 0 0 0 0 0 0 0 0 0 0 0 0 0 0 0 0 0 0 0 0 0 0 0 0 0 0 0 0 0 0 0 8.33403e-05 8.33403e-05 8.33403e-05
157 0 0 0 0 0 0 0 0 0.001 0 0 0 0 0 0 0 0 0 0 0 0 0 0 0 0 0 0 0 0 0 0 0 0 0 0 0 0 0 0 0 0 0 0 0 0 0 0 0 0 0 0 0 0.000166694 0.000166694 0.000166694
10000 0.7255 0.685333 0.642 0.238 0.0125 0.02 0 0 0.7175 0.675333 0.542 0.154 0.035 0 0 0 0.687 0.612667 0.384 0.124 0 0 0 0 0.708667 0.682667 0.64 0.631333 0.608 0.596 0.718 0.504 0.613 0.556 0.516 0.492 0.61 0.708 0.716 0.7 0.666 0.774 0.67 0.51 0.596 0.684 0.63 0.562 0.6 0.57 0.434 0.454 0.550388 0.550388 0.550388
89 0 0 0 0 0 0 0 0 0 0 0 0 0 0 0 0 0.0005 0 0 0 0 0 0 0 0 0 0 0 0 0 0 0 0 0 0 0 0 0 0 0 0 0 0 0 0 0 0 0 0 0 0 0 8.33403e-05 8.33403e-05 8.33403e-05
83 0 0 0 0 0 0 0 0 0 0 0 0 0 0 0 0 0.0015 0 0 0 0 0 0 0 0 0 0 0 0 0 0 0 0 0 0 0 0 0 0 0 0 0 0 0 0 0 0 0 0 0 0 0 0.000250063 0.000250063 0.000250063
329 0.0005 0 0 0 0 0 0 0 0 0 0 0 0 0 0 0 0 0 0 0 0 0 0 0 0 0 0 0 0 0 0 0 0 0 0 0 0 0 0 0 0 0 0 0 0 0 0 0 0 0 0 0 8.33403e-05 8.33403e-05 8.33403e-05
23 0.0005 0 0 0 0 0 0 0 0 0 0 0 0 0 0 0 0 0 0 0 0 0 0 0 0 0 0 0 0 0 0 0 0 0 0 0 0 0 0 0 0 0 0 0 0 0 0 0 0 0 0 0 8.33403e-05 8.33403e-05 8.33403e-05
10000 0.6435 0.564 0.488 0.312 0.015 0.02 0 0 0.672 0.52 0.394 0.116 0 0 0 0 0.602 0.501333 0.293 0.056 0 0 0 0 0.595333 0.618667 0.624667 0.568 0.503 0.548 0.458 0.512 0.529 0.563 0.668 0.526 0.512 0.428 0.63 0.48 0.548 0.592 0.392 0.38 0.252 0.414 0.508 0.644 0.608 0.652 0.772 0.508 0.469688 0.469688 0.469688
10000 0.662 0.634667 0.536 0.13 0.025 0 0 0 0.7 0.622 0.338 0.066 0.0075 0 0 0 0.6595 0.570667 0.468 0.132 0.02 0 0 0 0.739333 0.650667 0.692 0.607333 0.555 0.684 0.638 0.6 0.519 0.559 0.581 0.585 0.57 0.57 0.576 0.628 0.614 0.512 0.662 0.612 0.464 0.584 0.554 0.536 0.674 0.554 0.58 0.498 0.508106 0.508106 0.508106
10000 0.5915 0.561333 0.463 0.272 0.01 0 0 0 0.5445 0.56 0.288 0.086 0.03 0 0 0 0.5245 0.36 0.157 0.122 0 0 0 0 0.598667 0.600667 0.660667 0.548667 0.53 0.587 0.497 0.437 0.452 0.571 0.595 0.46 0.572 0.462 0.65 0.556 0.652 0.438 0.384 0.37 0.442 0.42 0.532 0.832 0.532 0.552 0.442 0.268 0.382648 0.382648 0.382648
10000 0.633 0.628667 0.452 0.086 0.0025 0 0 0 0.619 0.562667 0.293 0.068 0.015 0 0 0 0.7175 0.558667 0.289 0.062 0 0 0 0 0.626667 0.616667 0.534667 0.654667 0.535 0.578 0.591 0.505 0.489 0.556 0.636 0.565 0.376 0.494 0.616 0.706 0.69 0.61 0.592 0.466 0.432 0.604 0.62 0.418 0.542 0.496 0.52 0.484 0.488649 0.488649 0.488649
15 0.0005 0 0 0 0 0 0 0 0 0 0 0 0 0 0 0 0 0 0 0 0 0 0 0 0 0 0 0 0 0 0 0 0 0 0 0 0 0 0 0 0 0 0 0 0 0 0 0 0 0 0 0 8.33403e-05 8.33403e-05 8.33403e-05
10000 0.554 0.519333 0.502 0.174 0.0225 0 0 0 0.5625 0.453333 0.327 0.078 0 0 0 0 0.546 0.483333 0.237 0.08 0.0125 0 0 0 0.565333 0.578667 0.527333 0.575333 0.413 0.436 0.485 0.458 0.386 0.504 0.538 0.461 0.348 0.356 0.382 0.24 0.436 0.256 0.422 0.384 0.302 0.446 0.382 0.572 0.632 0.574 0.37 0.452 0.383285 0.383285 0.383285
10000 0.6915 0.639333 0.514 0.238 0.07 0.02 0 0 0.691 0.736667 0.599 0.22 0 0 0 0 0.6775 0.634667 0.38 0.12 0.025 0 0 0 0.663333 0.626667 0.676667 0.662667 0.725 0.692 0.637 0.502 0.51 0.673 0.648 0.646 0.66 0.722 0.77 0.732 0.554 0.604 0.534 0.446 0.458 0.668 0.728 0.62 0.538 0.716 0.696 0.628 0.522843 0.522843 0.522843
10000 0.685 0.617333 0.536 0.098 0.0575 0.01 0 0 0.737 0.600667 0.406 0.13 0.0375 0 0 0 0.7125 0.663333 0.518 0.146 0.0075 0 0 0 0.650667 0.640667 0.634 0.646 0.583 0.625 0.576 0.467 0.456 0.598 0.586 0.697 0.686 0.644 0.598 0.598 0.512 0.638 0.396 0.432 0.45 0.536 0.622 0.458 0.566 0.634 0.744 0.596 0.552192 0.552192 0.552192
10000 0.639 0.596 0.493 0.094 0 0 0 0 0.693 0.685333 0.473 0.078 0.01 0 0 0 0.5815 0.48 0.183 0.1 0.0025 0 0 0 0.725333 0.648 0.543333 0.549333 0.675 0.741 0.697 0.595 0.413 0.557 0.498 0.425 0.782 0.674 0.7 0.784 0.84 0.786 0.646 0.538 0.37 0.566 0.498 0.402 0.408 0.512 0.524 0.338 0.468249 0.468249 0.468249
10000 0.5825 0.540667 0.408 0.226 0.02 0.00333333 0 0 0.664 0.550667 0.458 0.256 0.0775 0.00666667 0 0 0.6155 0.531333 0.294 0.166 0.015 0 0 0 0.572667 0.574667 0.492 0.478667 0.569 0.634 0.48 0.486 0.432 0.477 0.566 0.457 0.504 0.644 0.61 0.76 0.598 0.326 0.584 0.424 0.438 0.492 0.292 0.314 0.448 0.494 0.65 0.44 0.449976 0.449976 0.449976
10000 0.657 0.581333 0.595 0.216 0.01 0 0 0 0.673 0.568 0.44 0.074 0.0125 0 0 0 0.6475 0.596 0.364 0.084 0 0 0 0 0.634 0.634667 0.632 0.645333 0.584 0.6 0.592 0.579 0.464 0.634 0.6 0.58 0.528 0.604 0.606 0.654 0.58 0.672 0.484 0.414 0.544 0.542 0.642 0.584 0.594 0.666 0.584 0.396 0.49161 0.49161 0.49161
219 0.0005 0.000666667 0 0 0 0 0 0 0 0 0 0 0 0 0 0 0 0 0 0 0 0 0 0 0 0 0 0 0 0 0 0 0 0 0 0 0 0 0 0 0 0 0 0 0 0 0 0 0 0 0 0 8.33403e-05 8.33403e-05 8.33403e-05
26 0 0.000666667 0 0 0 0 0 0 0 0 0 0 0 0 0 0 0 0 0 0 0 0 0 0 0 0 0 0 0 0 0 0 0 0 0 0 0 0 0 0 0 0 0 0 0 0 0 0 0 0 0 0
41 0.0005 0 0 0 0 0 0 0 0 0 0 0 0 0 0 0 0 0 0 0 0 0 0 0 0 0 0 0 0 0 0 0 0 0 0 0 0 0 0 0 0 0 0 0 0 0 0 0 0 0 0 0 8.33403e-05 8.33403e-05 8.33403e-05
25 0 0.000666667 0 0 0 0 0 0 0 0 0 0 0 0 0 0 0 0 0 0 0 0 0 0 0 0 0 0 0 0 0 0 0 0 0 0 0 0 0 0 0 0 0 0 0 0 0 0 0 0 0 0
10000 0.709 0.607333 0.531 0.082 0 0 0 0 0.692 0.657333 0.501 0.126 0.02 0 0 0 0.6945 0.5 0.366 0.152 0.0225 0 0 0 0.713333 0.594667 0.603333 0.639333 0.579 0.642 0.65 0.522 0.532 0.577 0.544 0.522 0.628 0.678 0.774 0.686 0.616 0.574 0.534 0.416 0.478 0.556 0.484 0.52 0.54 0.378 0.504 0.534 0.536688 0.536688 0.536688
10000 0.6225 0.542667 0.48 0.106 0.06 0.0333333 0.015 0 0.6665 0.549333 0.452 0.17 0.03 0 0 0 0.62 0.436667 0.276 0.062 0 0 0 0 0.571333 0.508 0.568667 0.608667 0.564 0.5 0.496 0.385 0.487 0.516 0.653 0.612 0.482 0.612 0.53 0.504 0.594 0.446 0.468 0.326 0.486 0.576 0.67 0.542 0.576 0.59 0.478 0.352 0.466634 0.466634 0.466634
78 0 0 0 0 0 0 0 0 0 0.002 0 0 0 0 0 0 0 0 0 0 0 0 0 0 0 0 0 0 0 0 0 0 0 0 0 0 0 0 0 0 0 0 0 0 0 0 0 0 0 0 0 0
37 0 0 0 0 0 0 0 0 0 0 0 0 0 0 0 0 0.0005 0 0 0 0 0 0 0 0 0 0 0 0 0 0 0 0 0 0 0 0 0 0 0 0 0 0 0 0 0 0 0 0 0 0 0 8.33403e-05 8.33403e-05 8.33403e-05
182 0.0005 0 0 0 0 0 0 0 0 0 0 0 0 0 0 0 0 0 0 0 0 0 0 0 0 0 0 0 0 0 0 0 0 0 0 0 0 0 0 0 0 0 0 0 0 0 0 0 0 0 0 0 8.33403e-05 8.33403e-05 8.33403e-05
9 0.0005 0 0 0 0 0 0 0 0 0 0 0 0 0 0 0 0 0 0 0 0 0 0 0 0 0 0 0 0 0 0 0 0 0 0 0 0 0 0 0 0 0 0 0 0 0 0 0 0 0 0 0 8.33403e-05 8.33403e-05 8.33403e-05
13 0.0005 0 0 0 0 0 0 0 0 0 0 0 0 0 0 0 0 0 0 0 0 0 0 0 0 0 0 0 0 0 0 0 0 0 0 0 0 0 0 0 0 0 0 0 0 0 0 0 0 0 0 0 8.33403e-05 8.33403e-05 8.33403e-05
106 0.001 0 0 0 0 0 0 0 0 0 0 0 0 0 0 0 0 0 0 0 0 0 0 0 0 0 0 0 0 0 0 0 0 0 0 0 0 0 0 0 0 0 0 0 0 0 0 0 0 0 0 0 0.000166694 0.000166694 0.000166694
62 0.0005 0 0 0 0 0 0 0 0.0005 0 0 0 0 0 0 0 0 0 0 0 0 0 0 0 0 0 0 0 0 0 0 0 0 0 0 0 0 0 0 0 0 0 0 0 0 0 0 0 0 0 0 0 0.000166694 0.000166694 0.000166694
132 0 0 0 0 0 0 0 0 0 0 0 0 0 0 0 0 0 0 0.001 0 0 0 0 0 0 0 0 0 0 0 0 0 0 0 0 0 0 0 0 0 0 0 0 0 0 0 0 0 0 0 0 0
15 0 0 0 0 0 0 0 0 0.0005 0 0 0 0 0 0 0 0 0 0 0 0 0 0 0 0 0 0 0 0 0 0 0 0 0 0 0 0 0 0 0 0 0 0 0 0 0 0 0 0 0 0 0 8.33403e-05 8.33403e-05 8.33403e-05
18 0 0 0 0 0 0 0 0 0.0005 0 0 0 0 0 0 0 0 0 0 0 0 0 0 0 0 0 0 0 0 0 0 0 0 0 0 0 0 0 0 0 0 0 0 0 0 0 0 0 0 0 0 0 8.33403e-05 8.33403e-05 8.33403e-05
62 0 0 0 0 0 0 0 0 0.0005 0 0 0 0 0 0 0 0 0 0 0 0 0 0 0 0 0 0 0 0 0 0 0 0 0 0 0 0 0 0 0 0 0 0 0 0 0 0 0 0 0 0 0 8.33403e-05 8.33403e-05 8.33403e-05
36 0 0 0 0 0 0 0 0 0.0005 0 0 0 0 0 0 0 0 0 0 0 0 0 0 0 0 0 0 0 0 0 0 0 0 0 0 0 0 0 0 0 0 0 0 0 0 0 0 0 0 0 0 0 8.33403e-05 8.33403e-05 8.33403e-05
32 0.0005 0 0 0 0 0 0 0 0 0 0 0 0 0 0 0 0 0 0 0 0 0 0 0 0 0 0 0 0 0 0 0 0 0 0 0 0 0 0 0 0 0 0 0 0 0 0 0 0 0 0 0 8.33403e-05 8.33403e-05 8.33403e-05
133 0 0 0.001 0 0 0 0 0 0 0 0 0 0 0 0 0 0 0 0 0 0 0 0 0 0 0 0 0 0 0 0 0 0 0 0 0 0 0 0 0 0 0 0 0 0 0 0 0 0 0 0 0
151 0 0 0 0 0 0 0 0 0 0 0.001 0 0 0 0 0 0 0 0 0 0 0 0 0 0 0 0 0 0 0 0 0 0 0 0 0 0 0 0 0 0 0 0 0 0 0 0 0 0 0 0 0
36 0.001 0 0 0 0 0 0 0 0 0 0 0 0 0 0 0 0 0 0 0 0 0 0 0 0 0 0 0 0 0 0 0 0 0 0 0 0 0 0 0 0 0 0 0 0 0 0 0 0 0 0 0 0.000166694 0.000166694 0.000166694
10 0.0005 0 0 0 0 0 0 0 0 0 0 0 0 0 0 0 0 0 0 0 0 0 0 0 0 0 0 0 0 0 0 0 0 0 0 0 0 0 0 0 0 0 0 0 0 0 0 0 0 0 0 0 8.33403e-05 8.33403e-05 8.33403e-05
10000 0.7325 0.660667 0.663 0.304 0.05 0 0 0 0.6035 0.480667 0.242 0.022 0 0 0 0 0.799 0.804 0.465 0.212 0.0425 0 0 0 0.602667 0.638 0.673333 0.696667 0.458 0.619 0.59 0.536 0.617 0.528 0.662 0.702 0.416 0.54 0.618 0.56 0.684 0.548 0.532 0.348 0.564 0.648 0.71 0.584 0.618 0.524 0.748 0.792 0.552393 0.552393 0.552393
10000 0.6675 0.685333 0.543 0.186 0.04 0.00333333 0 0 0.652 0.673333 0.534 0.134 0.02 0 0 0 0.734 0.676667 0.403 0.072 0.0175 0 0 0 0.688 0.6 0.659333 0.651333 0.71 0.69 0.59 0.586 0.573 0.704 0.687 0.658 0.742 0.722 0.73 0.58 0.618 0.606 0.512 0.472 0.504 0.77 0.722 0.786 0.854 0.706 0.496 0.556 0.520334 0.520334 0.520334
35 0 0 0 0 0 0 0 0 0.0005 0.000666667 0 0 0 0 0 0 0 0 0 0 0 0 0 0 0 0 0 0 0 0 0 0 0 0 0 0 0 0 0 0 0 0 0 0 0 0 0 0 0 0 0 0 8.33403e-05 8.33403e-05 8.33403e-05
96 0 0.000666667 0 0 0 0 0 0 0 0 0 0 0 0 0 0 0 0 0 0 0 0 0 0 0 0 0 0 0 0 0 0 0 0 0 0 0 0 0 0 0 0 0 0 0 0 0 0 0 0 0 0
101 0 0 0 0 0 0 0 0 0 0 0 0 0 0 0 0 0.0005 0 0 0 0 0 0 0 0 0 0 0 0 0 0 0 0 0 0 0 0 0 0 0 0 0 0 0 0 0 0 0 0 0 0 0 8.33403e-05 8.33403e-05 8.33403e-05
10000 0.71 0.658667 0.623 0.15 0.045 0 0 0 0.67 0.579333 0.396 0.094 0.0525 0 0 0 0.8045 0.691333 0.556 0.202 0.0425 0 0 0 0.668 0.644667 0.617333 0.660667 0.483 0.569 0.601 0.572 0.574 0.689 0.648 0.749 0.574 0.51 0.552 0.696 0.56 0.722 0.614 0.532 0.558 0.668 0.782 0.696 0.648 0.678 0.78 0.728 0.572533 0.572533 0.572533
67 0 0 0.003 0 0 0 0 0 0 0 0 0 0 0 0 0 0 0 0 0 0 0 0 0 0 0 0 0 0 0 0 0 0 0 0 0 0 0 0 0 0 0 0 0 0 0 0 0 0 0 0 0
10000 0.6585 0.584667 0.566 0.204 0.015 0 0 0 0.721 0.674 0.5 0.064 0.005 0 0 0 0.694 0.487333 0.217 0.03 0 0 0 0 0.680667 0.626667 0.620667 0.646 0.713 0.637 0.639 0.539 0.475 0.559 0.568 0.542 0.704 0.768 0.834 0.552 0.574 0.668 0.644 0.57 0.354 0.382 0.428 0.396 0.544 0.588 0.752 0.546 0.528078 0.528078 0.528078
10000 0.6995 0.610667 0.518 0.244 0.0325 0 0 0 0.715 0.614667 0.45 0.114 0.0225 0.0133333 0 0 0.5835 0.564667 0.586 0.108 0.0025 0 0 0 0.658667 0.683333 0.684667 0.579333 0.683 0.733 0.674 0.619 0.428 0.517 0.549 0.61 0.568 0.69 0.73 0.678 0.654 0.59 0.642 0.438 0.372 0.512 0.386 0.544 0.564 0.472 0.696 0.658 0.49925 0.49925 0.49925
30 0.001 0 0 0 0 0 0 0 0.0005 0 0 0 0 0 0 0 0 0 0 0 0 0 0 0 0 0 0 0 0 0 0 0 0 0 0 0 0 0 0 0 0 0 0 0 0 0 0 0 0 0 0 0 0.000250063 0.000250063 0.000250063
43 0 0 0 0 0 0 0 0 0 0 0 0 0 0 0 0 0.0015 0.000666667 0 0 0 0 0 0 0 0 0 0 0 0 0 0 0 0 0 0 0 0 0 0 0 0 0 0 0 0 0 0 0 0 0 0 0.000250063 0.000250063 0.000250063
83 0 0 0 0 0 0 0 0 0 0.00266667 0 0 0 0 0 0 0 0 0 0 0 0 0 0 0 0 0 0 0 0 0 0 0 0 0 0 0 0 0 0 0 0 0 0 0 0 0 0 0 0 0 0
10000 0.687 0.537333 0.44 0.19 0.04 0 0 0 0.712 0.659333 0.487 0.216 0.015 0 0 0 0.667 0.523333 0.343 0.044 0.01 0 0 0 0.706667 0.598 0.606 0.584 0.653 0.582 0.615 0.469 0.408 0.634 0.57 0.552 0.488 0.654 0.752 0.654 0.79 0.658 0.694 0.37 0.26 0.512 0.426 0.506 0.502 0.706 0.508 0.44 0.525165 0.525165 0.525165
61 0.001 0 0 0 0 0 0 0 0 0 0 0 0 0 0 0 0 0 0 0 0 0 0 0 0 0 0 0 0 0 0 0 0 0 0 0 0 0 0 0 0 0 0 0 0 0 0 0 0 0 0 0 0.000166694 0.000166694 0.000166694
64 0 0.000666667 0 0 0 0 0 0 0 0 0 0 0 0 0 0 0 0 0 0 0 0 0 0 0 0 0 0 0 0 0 0 0 0 0 0 0 0 0 0 0 0 0 0 0 0 0 0 0 0 0 0
71 0 0.000666667 0 0 0 0 0 0 0 0 0 0 0 0 0 0 0 0 0 0 0 0 0 0 0 0 0 0 0 0 0 0 0 0 0 0 0 0 0 0 0 0 0 0 0 0 0 0 0 0 0 0
86 0 0 0 0 0 0 0 0 0 0 0 0 0 0 0 0 0 0.000666667 0 0 0 0 0 0 0 0 0 0 0 0 0 0 0 0 0 0 0 0 0 0 0 0 0 0 0 0 0 0 0 0 0 0
10000 0.7185 0.666667 0.541 0.114 0 0 0 0 0.7525 0.719333 0.584 0.252 0.02 0 0 0 0.7705 0.716667 0.525 0.072 0.0075 0 0 0 0.687333 0.648 0.667333 0.745333 0.702 0.636 0.586 0.588 0.579 0.678 0.776 0.743 0.758 0.692 0.804 0.63 0.596 0.574 0.556 0.562 0.366 0.69 0.592 0.73 0.834 0.664 0.62 0.598 0.596382 0.596382 0.596382
80 0 0 0 0 0 0 0 0 0 0 0 0 0 0 0 0 0.0005 0 0 0 0 0 0 0 0 0 0 0 0 0 0 0 0 0 0 0 0 0 0 0 0 0 0 0 0 0 0 0 0 0 0 0 8.33403e-05 8.33403e-05 8.33403e-05
14 0.002 0 0 0 0 0 0 0 0 0 0 0 0 0 0 0 0 0 0 0 0 0 0 0 0 0 0 0 0 0 0 0 0 0 0 0 0 0 0 0 0 0 0 0 0 0 0 0 0 0 0 0 0.000333444 0.000333444 0.000333444
35 0.0005 0 0 0 0 0 0 0 0 0 0 0 0 0 0 0 0 0 0 0 0 0 0 0 0 0 0 0 0 0 0 0 0 0 0 0 0 0 0 0 0 0 0 0 0 0 0 0 0 0 0 0 8.33403e-05 8.33403e-05 8.33403e-05
58 0 0 0 0 0 0 0 0 0 0 0 0 0 0 0 0 0.0005 0 0 0 0 0 0 0 0 0 0 0 0 0 0 0 0 0 0 0 0 0 0 0 0 0 0 0 0 0 0 0 0 0 0 0 8.33403e-05 8.33403e-05 8.33403e-05
10000 0.6355 0.621333 0.52 0.172 0 0 0 0 0.74 0.68 0.549 0.076 0.005 0 0 0 0.697 0.563333 0.41 0.18 0.0275 0 0 0 0.620667 0.582 0.671333 0.686667 0.64 0.554 0.582 0.586 0.533 0.608 0.644 0.588 0.56 0.638 0.626 0.578 0.596 0.654 0.61 0.514 0.324 0.438 0.548 0.642 0.61 0.708 0.602 0.584 0.527689 0.527689 0.527689
207 0 0 0 0 0 0 0 0 0 0 0 0 0 0 0 0 0.0005 0 0 0 0 0 0 0 0 0 0 0 0 0 0 0 0 0 0 0 0 0 0 0 0 0 0 0 0 0 0 0 0 0 0 0 8.33403e-05 8.33403e-05 8.33403e-05
10000 0.7385 0.649333 0.599 0.388 0.085 0.0166667 0 0 0.719 0.612667 0.443 0.058 0 0 0 0 0.68 0.655333 0.364 0.08 0.0075 0 0 0 0.632667 0.667333 0.722667 0.665333 0.579 0.63 0.694 0.627 0.623 0.579 0.603 0.569 0.512 0.472 0.458 0.702 0.686 0.818 0.798 0.658 0.676 0.644 0.596 0.49 0.532 0.58 0.342 0.56 0.553398 0.553398 0.553398
20 0.001 0 0 0 0 0 0 0 0 0 0 0 0 0 0 0 0 0 0 0 0 0 0 0 0 0 0 0 0 0 0 0 0 0 0 0 0 0 0 0 0 0 0 0 0 0 0 0 0 0 0 0 0.000166694 0.000166694 0.000166694
57 0 0 0 0 0 0 0 0 0.001 0 0 0 0 0 0 0 0 0 0 0 0 0 0 0 0 0 0 0 0 0 0 0 0 0 0 0 0 0 0 0 0 0 0 0 0 0 0 0 0 0 0 0 0.000166694 0.000166694 0.000166694
448 0 0 0 0 0 0 0 0 0 0 0 0 0 0 0 0 0.0005 0 0 0 0 0 0 0 0 0 0 0 0 0 0 0 0 0 0 0 0 0 0 0 0 0 0 0 0 0 0 0 0 0 0 0 8.33403e-05 8.33403e-05 8.33403e-05
102 0 0 0.001 0 0 0 0 0 0 0 0 0 0 0 0 0 0 0 0 0 0 0 0 0 0 0 0 0 0 0 0 0 0 0 0 0 0 0 0 0 0 0 0 0 0 0 0 0 0 0 0 0
108 0 0 0 0 0 0 0 0 0 0 0 0 0 0 0 0 0 0.000666667 0 0 0 0 0 0 0 0 0 0 0 0 0 0 0 0 0 0 0 0 0 0 0 0 0 0 0 0 0 0 0 0 0 0
47 0 0 0 0 0 0 0 0 0 0 0.001 0 0 0 0 0 0 0 0 0 0 0 0 0 0 0 0 0 0 0 0 0 0 0 0 0 0 0 0 0 0 0 0 0 0 0 0 0 0 0 0 0
259 0 0 0 0 0 0 0 0 0.0005 0 0 0 0 0 0 0 0 0 0 0 0 0 0 0 0 0 0 0 0 0 0 0 0 0 0 0 0 0 0 0 0 0 0 0 0 0 0 0 0 0 0 0 8.33403e-05 8.33403e-05 8.33403e-05
23 0 0.000666667 0 0 0 0 0 0 0 0 0 0 0 0 0 0 0 0 0 0 0 0 0 0 0 0 0 0 0 0 0 0 0 0 0 0 0 0 0 0 0 0 0 0 0 0 0 0 0 0 0 0
10000 0.64 0.647333 0.59 0.236 0.02 0 0 0 0.7215 0.644667 0.534 0.116 0.0275 0 0 0 0.6525 0.598667 0.392 0.02 0.015 0 0 0 0.668 0.643333 0.653333 0.594667 0.632 0.622 0.631 0.659 0.573 0.642 0.643 0.593 0.59 0.536 0.448 0.686 0.722 0.514 0.672 0.64 0.458 0.648 0.716 0.712 0.754 0.816 0.494 0.484 0.505268 0.505268 0.505268
10000 0.6925 0.612667 0.584 0.162 0.005 0.00666667 0 0 0.723 0.600667 0.477 0.11 0 0 0 0 0.7255 0.706667 0.415 0.09 0.0025 0 0 0 0.622 0.628667 0.668667 0.692 0.593 0.617 0.568 0.555 0.613 0.685 0.636 0.626 0.592 0.57 0.638 0.684 0.572 0.45 0.594 0.414 0.632 0.716 0.568 0.7 0.75 0.7 0.678 0.696 0.554807 0.554807 0.554807
22 0 0 0 0 0 0 0 0 0.0005 0 0 0 0 0 0 0 0.0005 0 0 0 0 0 0 0 0 0 0 0 0 0 0 0 0 0 0 0 0 0 0 0 0 0 0 0 0 0 0 0 0 0 0 0 0.000166694 0.000166694 0.000166694
27 0.001 0 0 0 0 0 0 0 0 0 0 0 0 0 0 0 0 0 0 0 0 0 0 0 0 0 0 0 0 0 0 0 0 0 0 0 0 0 0 0 0 0 0 0 0 0 0 0 0 0 0 0 0.000166694 0.000166694 0.000166694
155 0 0 0 0 0 0 0 0 0.001 0 0 0 0 0 0 0 0 0 0 0 0 0 0 0 0 0 0 0 0 0 0 0 0 0 0 0 0 0 0 0 0 0 0 0 0 0 0 0 0 0 0 0 0.000166694 0.000166694 0.000166694
10000 0.668 0.558 0.483 0.088 0.0175 0 0 0 0.612 0.532 0.403 0.038 0.0075 0 0 0 0.629 0.508667 0.432 0.122 0 0 0 0 0.605333 0.594667 0.650667 0.596 0.521 0.491 0.421 0.451 0.494 0.537 0.573 0.526 0.464 0.468 0.406 0.502 0.436 0.434 0.344 0.456 0.348 0.458 0.562 0.464 0.428 0.546 0.594 0.354 0.466634 0.466634 0.466634
101 0 0 0 0 0 0 0 0 0 0 0 0 0 0 0 0 0 0.000666667 0 0 0 0 0 0 0 0 0 0 0 0 0 0 0 0 0 0 0 0 0 0 0 0 0 0 0 0 0 0 0 0 0 0
131 0 0 0 0 0 0 0 0 0 0 0 0 0 0 0 0 0 0.000666667 0 0 0 0 0 0 0 0 0 0 0 0 0 0 0 0 0 0 0 0 0 0 0 0 0 0 0 0 0 0 0 0 0 0
10000 0.657 0.537333 0.414 0.076 0.0575 0.00333333 0 0 0.6335 0.662667 0.561 0.108 0.0275 0 0 0 0.603 0.408667 0.113 0.082 0 0.0266667 0 0 0.653333 0.578 0.544667 0.513333 0.682 0.58 0.542 0.442 0.451 0.511 0.337 0.32 0.682 0.698 0.648 0.566 0.588 0.526 0.436 0.264 0.192 0.492 0.51 0.51 0.356 0.302 0.298 0.206 0.461098 0.461098 0.461098
76 0 0.000666667 0 0 0 0 0 0 0 0 0 0 0 0 0 0 0 0 0 0 0 0 0 0 0 0 0 0 0 0 0 0 0 0 0 0 0 0 0 0 0 0 0 0 0 0 0 0 0 0 0 0
27 0.0005 0 0 0 0 0 0 0 0 0 0 0 0 0 0 0 0 0 0 0 0 0 0 0 0 0 0 0 0 0 0 0 0 0 0 0 0 0 0 0 0 0 0 0 0 0 0 0 0 0 0 0 8.33403e-05 8.33403e-05 8.33403e-05
23 0.0005 0 0 0 0 0 0 0 0 0 0 0 0 0 0 0 0 0 0 0 0 0 0 0 0 0 0 0 0 0 0 0 0 0 0 0 0 0 0 0 0 0 0 0 0 0 0 0 0 0 0 0 8.33403e-05 8.33403e-05 8.33403e-05
10000 0.676 0.597333 0.362 0.186 0.015 0 0 0 0.676 0.569333 0.283 0.04 0.0175 0 0 0 0.6845 0.619333 0.299 0.082 0 0 0 0 0.647333 0.615333 0.634 0.661333 0.586 0.7 0.623 0.486 0.442 0.664 0.632 0.58 0.442 0.574 0.742 0.708 0.628 0.566 0.312 0.196 0.404 0.464 0.642 0.724 0.728 0.604 0.662 0.552 0.513814 0.513814 0.513814
10000 0.639 0.538 0.419 0.144 0.0075 0 0 0 0.579 0.608 0.394 0.04 0.0175 0 0 0 0.592 0.473333 0.294 0.1 0 0 0 0 0.603333 0.607333 0.58 0.495333 0.47 0.543 0.665 0.609 0.406 0.449 0.509 0.468 0.63 0.474 0.508 0.548 0.732 0.684 0.684 0.594 0.438 0.55 0.35 0.442 0.466 0.554 0.496 0.336 0.431981 0.431981 0.431981
46 0 0 0 0 0 0 0 0 0 0 0 0 0 0 0 0 0.001 0 0 0 0 0 0 0 0 0 0 0 0 0 0 0 0 0 0 0 0 0 0 0 0 0 0 0 0 0 0 0 0 0 0 0 0.000166694 0.000166694 0.000166694
13 0 0 0 0 0 0 0 0 0 0 0 0 0 0 0 0 0.001 0 0 0 0 0 0 0 0 0 0 0 0 0 0 0 0 0 0 0 0 0 0 0 0 0 0 0 0 0 0 0 0 0 0 0 0.000166694 0.000166694 0.000166694
131 0 0 0 0 0 0 0 0 0 0 0 0 0 0 0 0 0.0015 0 0 0 0 0 0 0 0 0 0 0 0 0 0 0 0 0 0 0 0 0 0 0 0 0 0 0 0 0 0 0 0 0 0 0 0.000250063 0.000250063 0.000250063
57 0 0 0.001 0 0 0 0 0 0 0 0 0 0 0 0 0 0 0 0 0 0 0 0 0 0 0 0 0 0 0 0 0 0 0 0 0 0 0 0 0 0 0 0 0 0 0 0 0 0 0 0 0
21 0.0005 0 0 0 0 0 0 0 0 0 0 0 0 0 0 0 0.0005 0 0 0 0 0 0 0 0 0.0049505 0 0 0 0 0 0 0 0 0 0 0 0 0 0 0 0 0 0 0 0 0 0 0 0 0 0 0.000166694 0.000166694 0.000166694
10000 0.6505 0.635333 0.495 0.058 0.0025 0 0 0 0.714 0.614 0.619 0.298 0.015 0.0166667 0 0 0.636 0.542667 0.322 0.022 0 0 0 0 0.631333 0.570667 0.599333 0.637333 0.671 0.678 0.618 0.463 0.397 0.667 0.63 0.621 0.732 0.724 0.768 0.694 0.594 0.67 0.546 0.412 0.474 0.316 0.492 0.702 0.778 0.65 0.472 0.524 0.500188 0.500188 0.500188
64 0 0 0 0 0 0 0 0 0 0 0 0 0 0 0 0 0.001 0 0 0 0 0 0 0 0 0 0 0 0 0 0 0 0 0 0 0 0 0 0 0 0 0 0 0 0 0 0 0 0 0 0 0 0.000166694 0.000166694 0.000166694
10000 0.6265 0.588 0.422 0.26 0.05 0 0 0 0.696 0.756667 0.546 0.398 0.0475 0 0 0 0.566 0.434 0.225 0.048 0.0125 0 0 0 0.688667 0.648 0.576 0.572 0.768 0.725 0.653 0.467 0.384 0.469 0.479 0.38 0.678 0.744 0.84 0.73 0.57 0.436 0.43 0.364 0.478 0.39 0.456 0.526 0.604 0.37 0.402 0.316 0.459321 0.459321 0.459321
46 0.001 0 0 0 0 0 0 0 0 0 0 0 0 0 0 0 0 0 0 0 0 0 0 0 0 0 0 0 0 0 0 0 0 0 0 0 0 0 0 0 0 0 0 0 0 0 0 0 0 0 0 0 0.000166694 0.000166694 0.000166694
1307 0 0.000666667 0.001 0 0 0 0 0 0 0 0 0 0 0 0 0 0 0 0 0 0 0 0 0 0 0 0 0 0 0 0 0 0 0 0 0 0 0 0 0 0 0 0 0 0 0 0 0 0 0 0 0
