17 0.00249004 0 0 0 0 0 0 0 0 0 0 0 0 0 0 0 0 0 0 0 0 0 0 0 0.000416285 0.000416285 0.000416285
65 0 0.000666667 0 0 0 0 0 0 0 0 0 0 0 0 0 0 0 0 0 0 0 0 0 0
363 0 0 0 0 0 0 0 0 0 0 0 0 0 0 0 0 0 0.00133333 0 0 0 0 0 0
431 0 0.000666667 0 0 0 0 0 0 0 0 0 0 0 0 0 0 0 0 0 0 0 0 0 0
10000 0.696678 0.686 0.363 0.152 0 0 0 0 0.568 0.45 0.102 0.01 0 0 0 0 0.658 0.624 0.309 0.006 0 0 0 0 0.520606 0.520606 0.520606
41 0 0 0 0 0 0 0 0 0.0005 0 0 0 0 0 0 0 0 0 0 0 0 0 0 0 8.30634e-05 8.30634e-05 8.30634e-05
10000 0.577839 0.45 0.245 0.032 0 0 0 0 0.5575 0.394 0.206 0.012 0.0025 0 0 0 0.6 0.438667 0.071 0.002 0 0 0 0 0.406439 0.406439 0.406439
243 0.000471698 0 0 0 0 0 0 0 0 0 0 0 0 0 0 0 0 0 0 0 0 0 0 0 8.1706e-05 8.1706e-05 8.1706e-05
73 0 0 0 0 0 0 0 0 0.0015 0 0 0 0 0 0 0 0 0 0 0 0 0 0 0 0.000248571 0.000248571 0.000248571
48 0.00148221 0 0 0 0 0 0 0 0 0 0 0 0 0 0 0 0 0 0 0 0 0 0 0 0.000249066 0.000249066 0.000249066
36 0.00099108 0 0 0 0 0 0 0 0 0 0 0 0 0 0 0 0 0 0 0 0 0 0 0 0.000166196 0.000166196 0.000166196
10000 0.611389 0.422667 0.109 0.034 0 0 0 0 0.618 0.576667 0.243 0.012 0 0 0 0 0.66 0.565333 0.315 0.092 0.01 0 0 0 0.444387 0.444387 0.444387
9 0.000499002 0 0 0 0 0 0 0 0 0 0 0 0 0 0 0 0 0 0 0 0 0 0 0 8.32848e-05 8.32848e-05 8.32848e-05
10000 0.682776 0.448 0.174 0.1 0.01 0 0 0 0.7905 0.642667 0.218 0.126 0.02 0 0 0 0.655 0.472 0.112 0.018 0 0 0 0 0.52495 0.52495 0.52495
18 0.000996016 0 0 0 0 0 0 0 0 0 0 0 0 0 0 0 0 0 0 0 0 0 0 0 0.000166472 0.000166472 0.000166472
10000 0.6332 0.528 0.156 0.008 0 0 0 0 0.6825 0.571333 0.183 0.076 0.01 0 0 0 0.6345 0.466667 0.094 0.03 0 0 0 0 0.467148 0.467148 0.467148
31 0.000496524 0 0 0 0 0 0 0 0 0 0 0 0 0 0 0 0 0 0 0 0 0 0 0 8.31463e-05 8.31463e-05 8.31463e-05
20 0.000995025 0 0 0 0 0 0 0 0 0 0 0 0 0 0 0 0.0005 0 0 0 0 0 0 0 0.000249646 0.000249646 0.000249646
19 0 0 0 0 0 0 0 0 0 0 0 0 0 0 0 0 0.0005 0 0 0 0 0 0 0 8.32293e-05 8.32293e-05 8.32293e-05
10000 0.721362 0.626 0.404 0.158 0.0075 0.00333333 0 0 0.6495 0.450667 0.181 0.026 0 0 0 0 0.714 0.594 0.316 0.07 0.0025 0 0 0 0.557278 0.557278 0.557278
10000 0.670871 0.623333 0.274 0.04 0.02 0 0 0 0.6715 0.466667 0.203 0.026 0 0 0 0 0.644 0.488 0.138 0.014 0 0 0 0 0.502627 0.502627 0.502627
26 0 0 0 0 0 0 0 0 0 0 0 0 0 0 0 0 0.0005 0 0 0 0 0 0 0 8.31739e-05 8.31739e-05 8.31739e-05
10000 0.684191 0.597333 0.357 0.054 0.015 0.00666667 0 0 0.681 0.650667 0.362 0.134 0.0125 0 0 0 0.5755 0.436 0.253 0.06 0.005 0.00666667 0 0 0.510809 0.510809 0.510809
43 0 0 0 0 0 0 0 0 0.0005 0 0 0 0 0 0 0 0 0 0 0 0 0 0 0 8.30634e-05 8.30634e-05 8.30634e-05
50 0 0.000666667 0 0 0 0 0 0 0 0 0 0 0 0 0 0 0 0 0 0 0 0 0 0
10000 0.630536 0.405333 0.196 0.046 0.0075 0 0 0 0.6525 0.667333 0.39 0.074 0.0125 0 0 0 0.6515 0.519333 0.167 0.018 0.0075 0.00333333 0 0 0.4637 0.4637 0.4637
13 0.000498504 0 0 0 0 0 0 0 0 0 0 0 0 0 0 0 0 0 0 0 0 0 0 0 8.3257e-05 8.3257e-05 8.3257e-05
10000 0.627539 0.458667 0.195 0.048 0.0125 0 0 0 0.654 0.568667 0.323 0.058 0.035 0.01 0 0 0.734 0.558 0.168 0.006 0 0 0 0 0.467379 0.467379 0.467379
10000 0.657343 0.488 0.137 0 0.005 0 0 0 0.732 0.568 0.242 0.066 0.0425 0.00666667 0 0 0.6875 0.606 0.295 0.044 0 0 0 0 0.497929 0.497929 0.497929
10000 0.629704 0.498667 0.195 0.064 0.0125 0 0 0 0.682 0.549333 0.204 0.094 0.01 0 0 0 0.6555 0.544667 0.097 0.02 0.02 0 0 0 0.465499 0.465499 0.465499
88 0.000978474 0 0 0 0 0 0 0 0 0 0 0 0 0 0 0 0 0 0 0 0 0 0 0 0.000165481 0.000165481 0.000165481
23 0.000497512 0 0 0 0 0 0 0 0 0 0 0 0 0 0 0 0 0 0 0 0 0 0 0 8.32016e-05 8.32016e-05 8.32016e-05
10000 0.668332 0.534 0.161 0.032 0 0 0 0 0.705 0.572 0.315 0.058 0 0 0 0 0.652 0.598667 0.399 0.076 0 0 0 0 0.503514 0.503514 0.503514
26 0 0 0 0 0 0 0 0 0 0 0 0 0 0 0 0 0.0005 0 0 0 0 0 0 0 8.31739e-05 8.31739e-05 8.31739e-05
10000 0.662837 0.497333 0.155 0.114 0.0125 0 0 0 0.665 0.560667 0.193 0.012 0.0225 0 0 0 0.724 0.588667 0.255 0.084 0.0375 0.00666667 0 0 0.500777 0.500777 0.500777
33 0.000496032 0 0 0 0 0 0 0 0 0 0 0 0 0 0 0 0 0 0 0 0 0 0 0 8.31186e-05 8.31186e-05 8.31186e-05
267 0 0 0 0 0 0 0 0 0 0 0 0 0 0 0 0 0 0.00133333 0 0 0 0 0 0
841 0 0 0 0 0 0 0 0 0.0005 0 0 0 0 0 0 0 0 0 0 0 0 0 0 0 7.78877e-05 7.78877e-05 7.78877e-05
23 0 0 0 0 0 0 0 0 0 0 0 0 0 0 0 0 0.002 0 0 0 0 0 0 0 0.000332889 0.000332889 0.000332889
10000 0.610889 0.522667 0.313 0.048 0.0025 0 0 0 0.6115 0.372667 0.114 0.04 0.0125 0 0 0 0.5325 0.355333 0.084 0.022 0.0075 0 0 0 0.43404 0.43404 0.43404
10000 0.618506 0.412667 0.08 0.028 0 0 0 0 0.74 0.736 0.37 0.338 0.0375 0.02 0 0 0.5395 0.569333 0.188 0.028 0 0 0 0 0.450893 0.450893 0.450893
135 0 0 0 0 0 0 0 0 0.0005 0 0 0 0 0 0 0 0 0 0 0 0 0 0 0 8.24334e-05 8.24334e-05 8.24334e-05
26 0.000994036 0 0 0 0 0 0 0 0 0 0 0 0 0 0 0 0 0 0 0 0 0 0 0 0.000166362 0.000166362 0.000166362
10000 0.677572 0.614 0.221 0.024 0.005 0 0 0 0.595 0.487333 0.271 0.052 0.0175 0 0 0 0.662 0.49 0.302 0.13 0 0 0 0 0.504402 0.504402 0.504402
48 0.000494071 0 0 0 0 0 0 0 0 0 0 0 0 0 0 0 0 0 0 0 0 0 0 0 8.30082e-05 8.30082e-05 8.30082e-05
2680 0 0 0 0 0 0 0 0 0.0005 0 0 0 0 0 0 0 0 0 0 0 0 0 0 0 6.43542e-05 6.43542e-05 6.43542e-05
17 0.000996016 0 0 0 0 0 0 0 0 0 0 0 0 0 0 0 0 0 0 0 0 0 0 0 0.000166472 0.000166472 0.000166472
86 0.000489716 0 0 0 0 0 0 0 0 0 0 0 0 0 0 0 0 0 0 0 0 0 0 0 8.27609e-05 8.27609e-05 8.27609e-05
28 0 0 0 0 0 0 0 0 0.0005 0 0 0 0 0 0 0 0 0 0 0 0 0 0 0 8.31463e-05 8.31463e-05 8.31463e-05
10000 0.638986 0.472 0.201 0.08 0.005 0 0 0 0.58 0.498 0.283 0.018 0.005 0.01 0 0 0.743 0.533333 0.264 0.008 0.005 0 0 0 0.47297 0.47297 0.47297
600 0 0 0 0 0 0 0 0 0 0 0 0 0 0 0 0 0.0005 0 0 0 0 0 0 0 7.93714e-05 7.93714e-05 7.93714e-05
8 0.000998004 0 0 0 0 0 0 0 0 0 0 0 0 0 0 0 0 0 0 0 0 0 0 0 0.000166583 0.000166583 0.000166583
47 0 0.000666667 0 0 0 0 0 0 0 0 0 0 0 0 0 0 0 0 0 0 0 0 0 0
51 0.000494071 0 0 0 0 0 0 0 0 0 0 0 0 0 0 0 0 0 0 0 0 0 0 0 8.30082e-05 8.30082e-05 8.30082e-05
126 0 0.002 0 0 0 0 0 0 0 0 0 0 0 0 0 0 0 0 0 0 0 0 0 0
26 0.000497018 0 0 0 0 0 0 0 0 0 0 0 0 0 0 0 0 0 0 0 0 0 0 0 8.31739e-05 8.31739e-05 8.31739e-05
21 0.000497512 0 0 0 0 0 0 0 0 0 0 0 0 0 0 0 0 0 0 0 0 0 0 0 8.32016e-05 8.32016e-05 8.32016e-05
102 0.000487805 0 0 0 0 0 0 0 0 0 0 0 0 0 0 0 0 0 0 0 0 0 0 0 8.26515e-05 8.26515e-05 8.26515e-05
14 0 0 0.001 0 0 0 0 0 0 0 0 0 0 0 0 0 0 0 0 0 0 0 0 0
10000 0.633367 0.427333 0.304 0.032 0 0 0 0 0.7495 0.582 0.221 0.006 0 0 0 0 0.568 0.374667 0.125 0.024 0.005 0.01 0 0 0.46734 0.46734 0.46734
15 0 0.00133333 0 0 0 0 0 0 0 0 0 0 0 0 0 0 0 0 0 0 0 0 0 0
29 0.000993049 0 0 0 0 0 0 0 0 0 0 0 0 0 0 0 0 0 0 0 0 0 0 0 0.000166306 0.000166306 0.000166306
28 0.000496524 0 0 0 0 0 0 0 0 0 0 0 0 0 0 0 0 0 0 0 0 0 0 0 8.31463e-05 8.31463e-05 8.31463e-05
15 0.000997009 0 0 0 0 0 0 0 0 0 0 0 0 0 0 0 0 0 0 0 0 0 0 0 0.000166528 0.000166528 0.000166528
10000 0.693806 0.522667 0.201 0.018 0 0 0 0 0.613 0.57 0.228 0.028 0 0 0 0 0.714 0.614667 0.468 0.116 0.005 0 0 0 0.526112 0.526112 0.526112
11 0 0 0 0 0 0 0 0 0.0005 0 0 0 0 0 0 0 0 0 0 0 0 0 0 0 8.32848e-05 8.32848e-05 8.32848e-05
10000 0.680902 0.580667 0.168 0.124 0.0025 0 0 0 0.6095 0.537333 0.238 0.124 0.0025 0 0 0 0.7205 0.529333 0.173 0.006 0.0075 0 0 0 0.513584 0.513584 0.513584
23 0.000995025 0 0 0 0 0 0 0 0 0 0 0 0 0 0 0 0 0 0 0 0 0 0 0 0.000166417 0.000166417 0.000166417
10000 0.653763 0.546667 0.128 0.016 0 0 0 0 0.6875 0.559333 0.279 0.088 0.01 0 0 0 0.7275 0.514667 0.225 0.102 0.005 0 0 0 0.494135 0.494135 0.494135
373 0 0 0 0 0 0 0 0 0 0.000666667 0 0 0 0 0 0 0 0 0 0 0 0 0 0
10000 0.742591 0.656 0.385 0.034 0.0075 0 0 0 0.7345 0.484 0.08 0.012 0 0 0 0 0.7435 0.665333 0.378 0.108 0.01 0 0 0 0.589924 0.589924 0.589924
31 0.000496524 0 0 0 0 0 0 0 0 0 0 0 0 0 0 0 0 0 0 0 0 0 0 0 8.31463e-05 8.31463e-05 8.31463e-05
84 0 0 0 0 0 0 0 0 0.0005 0 0 0 0 0 0 0 0 0 0 0 0 0 0 0 8.27609e-05 8.27609e-05 8.27609e-05
71 0.000491642 0 0 0 0 0 0 0 0 0 0 0 0 0 0 0 0 0 0 0 0 0 0 0 8.28706e-05 8.28706e-05 8.28706e-05
33 0.000496032 0 0 0 0 0 0 0 0 0 0 0 0 0 0 0 0 0 0 0 0 0 0 0 8.31186e-05 8.31186e-05 8.31186e-05
10000 0.677239 0.535333 0.131 0.014 0 0 0 0 0.71 0.562 0.348 0.142 0.05 0.01 0 0 0.6195 0.495333 0.121 0.03 0.015 0 0 0 0.509954 0.509954 0.509954
10000 0.706044 0.627333 0.367 0.138 0.0025 0 0 0 0.7025 0.495333 0.147 0.078 0.0075 0 0 0 0.613 0.420667 0.132 0.068 0.0025 0 0 0 0.537457 0.537457 0.537457
158 0 0 0 0 0 0 0 0 0 0 0 0 0 0 0 0 0.0005 0 0 0 0 0 0 0 8.22707e-05 8.22707e-05 8.22707e-05
10000 0.677406 0.569333 0.217 0.048 0.025 0 0 0 0.7415 0.768667 0.229 0.052 0.035 0 0 0 0.662 0.566667 0.283 0.084 0.0125 0 0 0 0.516163 0.516163 0.516163
69 0.000491642 0 0 0 0 0 0 0 0 0 0 0 0 0 0 0 0 0 0 0 0 0 0 0 8.28706e-05 8.28706e-05 8.28706e-05
175 0 0 0 0 0 0 0 0 0 0.002 0 0 0 0 0 0 0 0 0 0 0 0 0 0
7 0.0004995 0 0 0 0 0 0 0 0 0 0 0 0 0 0 0 0 0 0 0 0 0 0 0 8.33125e-05 8.33125e-05 8.33125e-05
12 0.000498504 0 0 0 0 0 0 0 0 0 0 0 0 0 0 0 0 0 0 0 0 0 0 0 8.3257e-05 8.3257e-05 8.3257e-05
10000 0.655844 0.531333 0.25 0.074 0.0425 0 0 0 0.6865 0.536667 0.247 0.162 0.0225 0 0 0 0.7675 0.538 0.162 0.008 0 0 0 0 0.499251 0.499251 0.499251
17 0 0 0 0 0 0 0 0 0.001 0 0 0 0 0 0 0 0 0 0 0 0 0 0 0 0.000166472 0.000166472 0.000166472
176 0 0 0 0 0 0 0 0 0 0 0 0 0 0 0 0 0 0 0.001 0 0 0 0 0
39 0.00049554 0.00133333 0.001 0 0 0 0 0 0 0 0 0 0 0 0 0 0.0005 0 0 0 0 0 0 0 0.000166196 0.000166196 0.000166196
10000 0.723818 0.594 0.162 0.098 0.0125 0 0 0 0.7635 0.636667 0.379 0.096 0.005 0 0 0 0.7915 0.77 0.394 0.086 0 0 0 0 0.576641 0.576641 0.576641
30 0 0 0 0 0 0 0 0 0.0005 0 0 0 0 0 0 0 0 0 0 0 0 0 0 0 8.31463e-05 8.31463e-05 8.31463e-05
41 0 0 0 0 0 0 0 0 0 0.00133333 0 0 0 0 0 0 0 0 0 0 0 0 0 0
28 0.000496524 0 0 0 0 0 0 0 0 0 0 0 0 0 0 0 0 0 0 0 0 0 0 0 8.31463e-05 8.31463e-05 8.31463e-05
22 0.000497512 0 0 0 0 0 0 0 0 0 0 0 0 0 0 0 0 0 0 0 0 0 0 0 8.32016e-05 8.32016e-05 8.32016e-05
39 0.00099108 0 0 0 0 0 0 0 0 0 0 0 0 0 0 0 0 0 0 0 0 0 0 0 0.000166196 0.000166196 0.000166196
20 0 0 0 0 0 0 0 0 0 0.000666667 0 0 0 0 0 0 0 0 0 0 0 0 0 0
28 0 0 0 0 0 0 0 0 0 0.000666667 0 0 0 0 0 0 0 0 0 0 0 0 0 0
10000 0.667291 0.574 0.264 0.066 0.01 0 0 0 0.61 0.484 0.287 0.03 0 0 0 0 0.6365 0.662 0.268 0.062 0 0 0 0 0.493657 0.493657 0.493657
130 0 0 0 0 0 0 0 0 0 0 0 0 0 0 0 0 0.001 0 0 0 0 0 0 0 0.000164935 0.000164935 0.000164935
98 0 0 0 0 0 0 0 0 0 0 0 0 0 0 0 0 0.001 0.002 0 0 0 0 0 0 0.000165371 0.000165371 0.000165371
37 0 0 0 0 0 0 0 0 0 0 0 0 0 0 0 0 0.0005 0 0 0 0 0 0 0 8.3091e-05 8.3091e-05 8.3091e-05
93 0 0 0 0 0 0 0 0 0 0 0 0 0 0 0 0 0.0005 0 0 0 0 0 0 0 8.27061e-05 8.27061e-05 8.27061e-05
