191 4.16667e-05 0 0 0 0 0 0 0 0 0 0 0 0 0 0 0 0 0 0 0 0 0 0 0 1.78575e-05 1.78575e-05 1.78575e-05
10000 0.647125 0.563333 0.298 0.046 0.015 0.00333333 0 0 0.688 0.730667 0.386 0.106 0.015 0.00333333 0 0 0.58 0.321333 0.234 0.038 0 0 0 0 0.476287 0.476287 0.476287
399 8.33333e-05 0 0 0 0 0 0 0 0 0 0 0 0 0 0 0 0 0 0 0 0 0 0 0 3.57156e-05 3.57156e-05 3.57156e-05
242 4.16667e-05 0 0 0 0 0 0 0 0 0 0 0 0 0 0 0 0 0 0 0 0 0 0 0 1.78575e-05 1.78575e-05 1.78575e-05
165 8.33333e-05 0 0 0 0 0 0 0 0 0 0 0 0 0 0 0 0 0 0 0 0 0 0 0 3.57156e-05 3.57156e-05 3.57156e-05
261 8.33333e-05 0 0 0 0 0 0 0 0 0 0 0 0 0 0 0 0 0 0 0 0 0 0 0 3.57156e-05 3.57156e-05 3.57156e-05
10000 0.70775 0.626667 0.417 0.122 0.005 0 0 0 0.703 0.56 0.155 0.088 0.005 0 0 0 0.76 0.566667 0.22 0.076 0.075 0 0 0 0.551762 0.551762 0.551762
10000 0.633958 0.577333 0.234 0.148 0.0025 0 0 0 0.5905 0.424 0.299 0.048 0.055 0.00666667 0 0 0.574 0.439333 0.108 0.038 0 0 0 0 0.45621 0.45621 0.45621
211 8.33333e-05 0 0 0 0 0 0 0 0 0 0 0 0 0 0 0 0 0 0 0 0 0 0 0 3.57156e-05 3.57156e-05 3.57156e-05
140 8.33333e-05 0 0 0 0 0 0 0 0 0 0 0 0 0 0 0 0 0 0 0 0 0 0 0 3.57156e-05 3.57156e-05 3.57156e-05
795 4.16667e-05 0 0 0 0 0 0 0 0 0 0 0 0 0 0 0 0 0 0 0 0 0 0 0 1.78575e-05 1.78575e-05 1.78575e-05
10000 0.67825 0.604 0.202 0.032 0 0 0 0 0.66 0.469333 0.286 0.138 0.0075 0 0 0 0.6565 0.526 0.248 0.048 0.0025 0 0 0 0.509882 0.509882 0.509882
496 8.33333e-05 0 0 0 0 0 0 0 0 0 0 0 0 0 0 0 0 0 0 0 0 0 0 0 3.57156e-05 3.57156e-05 3.57156e-05
256 4.16667e-05 0 0 0 0 0 0 0 0 0 0 0 0 0 0 0 0 0 0 0 0 0 0 0 1.78575e-05 1.78575e-05 1.78575e-05
10000 0.6205 0.475333 0.101 0.012 0.0075 0 0 0 0.6795 0.547333 0.265 0.048 0 0 0 0 0.6595 0.546 0.178 0.026 0.0375 0 0 0 0.457195 0.457195 0.457195
134 4.16667e-05 0 0 0 0 0 0 0 0 0 0 0 0 0 0 0 0 0 0 0 0 0 0 0 1.78575e-05 1.78575e-05 1.78575e-05
161 4.16667e-05 0 0 0 0 0 0 0 0 0 0 0 0 0 0 0 0 0 0 0 0 0 0 0 1.78575e-05 1.78575e-05 1.78575e-05
128 4.16667e-05 0 0 0 0 0 0 0 0 0 0 0 0 0 0 0 0 0 0 0 0 0 0 0 1.78575e-05 1.78575e-05 1.78575e-05
125 4.16667e-05 0 0 0 0 0 0 0 0 0 0 0 0 0 0 0 0 0 0 0 0 0 0 0 1.78575e-05 1.78575e-05 1.78575e-05
128 4.16667e-05 0 0 0 0 0 0 0 0 0 0 0 0 0 0 0 0 0 0 0 0 0 0 0 1.78575e-05 1.78575e-05 1.78575e-05
63 8.33333e-05 0 0 0 0 0 0 0 0 0 0 0 0 0 0 0 0 0 0 0 0 0 0 0 3.57156e-05 3.57156e-05 3.57156e-05
10000 0.596375 0.415333 0.126 0.006 0 0 0 0 0.665 0.536667 0.135 0.026 0 0 0 0 0.6085 0.399333 0.075 0.012 0 0 0 0 0.430761 0.430761 0.430761
91 0.000208333 0 0 0 0 0 0 0 0 0 0 0 0 0 0 0 0 0 0 0 0 0 0 0 8.92937e-05 8.92937e-05 8.92937e-05
10000 0.6435 0.449333 0.209 0.006 0.0025 0 0 0 0.6645 0.489333 0.104 0.038 0.005 0 0 0 0.5445 0.297333 0.08 0.06 0.0225 0 0 0 0.468352 0.468352 0.468352
104 4.16667e-05 0 0 0 0 0 0 0 0 0 0 0 0 0 0 0 0 0 0 0 0 0 0 0 1.78575e-05 1.78575e-05 1.78575e-05
10000 0.715333 0.582667 0.204 0.014 0 0 0 0 0.7125 0.575333 0.186 0.09 0.0225 0 0 0 0.6885 0.589333 0.159 0.008 0 0 0 0 0.55426 0.55426 0.55426
10000 0.550083 0.218667 0.07 0 0 0 0 0 0.519 0.394 0.125 0.052 0 0 0 0 0.572 0.398667 0.118 0.112 0.0025 0 0 0 0.378767 0.378767 0.378767
670 8.33333e-05 0 0 0 0 0 0 0 0 0 0 0 0 0 0 0 0 0 0 0 0 0 0 0 3.57156e-05 3.57156e-05 3.57156e-05
152 4.16667e-05 0 0 0 0 0 0 0 0 0 0 0 0 0 0 0 0 0 0 0 0 0 0 0 1.78575e-05 1.78575e-05 1.78575e-05
163 4.16667e-05 0 0 0 0 0 0 0 0 0 0 0 0 0 0 0 0 0 0 0 0 0 0 0 1.78575e-05 1.78575e-05 1.78575e-05
10000 0.695958 0.595333 0.232 0.098 0.0025 0 0 0 0.723 0.562667 0.094 0.006 0 0 0 0 0.6425 0.544 0.207 0.018 0.0175 0 0 0 0.531477 0.531477 0.531477
10000 0.7005 0.454 0.076 0.012 0 0 0 0 0.708 0.618 0.313 0.068 0.0025 0 0 0 0.646 0.565333 0.32 0.048 0.055 0.00333333 0 0 0.535088 0.535088 0.535088
258 4.16667e-05 0 0 0 0 0 0 0 0 0 0 0 0 0 0 0 0 0 0 0 0 0 0 0 1.78575e-05 1.78575e-05 1.78575e-05
10000 0.655833 0.607333 0.238 0.012 0.0175 0 0 0 0.641 0.428667 0.12 0.01 0 0 0 0 0.554 0.501333 0.238 0.03 0 0 0 0 0.478743 0.478743 0.478743
274 8.33333e-05 0 0 0 0 0 0 0 0 0 0 0 0 0 0 0 0 0 0 0 0 0 0 0 3.57156e-05 3.57156e-05 3.57156e-05
10000 0.663667 0.468667 0.165 0.026 0 0 0 0 0.738 0.599333 0.247 0.056 0.005 0 0 0 0.6105 0.447333 0.156 0.104 0.005 0 0 0 0.498328 0.498328 0.498328
10000 0.654125 0.674 0.202 0.046 0 0 0 0 0.653 0.454 0.189 0.072 0.0025 0 0 0 0.68 0.433333 0.193 0.054 0.0025 0 0 0 0.487977 0.487977 0.487977
10000 0.600875 0.588 0.298 0.046 0.0025 0 0 0 0.4945 0.313333 0.113 0.03 0.005 0 0 0 0.638 0.608 0.193 0.012 0 0 0 0 0.424429 0.424429 0.424429
313 0.000125 0 0 0 0 0 0 0 0 0 0 0 0 0 0 0 0 0 0 0 0 0 0 0 5.35743e-05 5.35743e-05 5.35743e-05
174 4.16667e-05 0 0 0 0 0 0 0 0 0 0 0 0 0 0 0 0 0 0 0 0 0 0 0 1.78575e-05 1.78575e-05 1.78575e-05
121 4.16667e-05 0 0 0 0 0 0 0 0 0 0 0 0 0 0 0 0 0 0 0 0 0 0 0 1.78575e-05 1.78575e-05 1.78575e-05
295 4.16667e-05 0 0 0 0 0 0 0 0 0 0 0 0 0 0 0 0 0 0 0 0 0 0 0 1.78575e-05 1.78575e-05 1.78575e-05
160 0.000125 0 0 0 0 0 0 0 0 0 0 0 0 0 0 0 0 0 0 0 0 0 0 0 5.35743e-05 5.35743e-05 5.35743e-05
10000 0.665583 0.628 0.345 0.106 0.03 0 0 0 0.641 0.523333 0.167 0.064 0.0225 0 0 0 0.6725 0.555333 0.279 0.112 0.015 0 0 0 0.497366 0.497366 0.497366
10000 0.612917 0.39 0.078 0.024 0 0 0 0 0.666 0.607333 0.369 0.13 0.01 0 0 0 0.7065 0.543333 0.17 0.016 0 0 0 0 0.452847 0.452847 0.452847
230 0.000125 0 0 0 0 0 0 0 0 0 0 0 0 0 0 0 0 0 0 0 0 0 0 0 5.35743e-05 5.35743e-05 5.35743e-05
214 4.16667e-05 0 0 0 0 0 0 0 0 0 0 0 0 0 0 0 0 0 0 0 0 0 0 0 1.78575e-05 1.78575e-05 1.78575e-05
10000 0.6415 0.473333 0.149 0.036 0 0 0 0 0.6225 0.572667 0.146 0.006 0 0 0 0 0.586 0.314 0.123 0.01 0.01 0 0 0 0.466468 0.466468 0.466468
75 8.33333e-05 0 0 0 0 0 0 0 0 0 0 0 0 0 0 0 0 0 0 0 0 0 0 0 3.57156e-05 3.57156e-05 3.57156e-05
2706 4.16667e-05 0 0 0 0 0 0 0 0 0 0 0 0 0 0 0 0 0 0 0 0 0 0 0 1.78575e-05 1.78575e-05 1.78575e-05
476 8.33333e-05 0 0 0 0 0 0 0 0 0 0 0 0 0 0 0 0 0 0 0 0 0 0 0 3.57156e-05 3.57156e-05 3.57156e-05
483 0.000125 0 0 0 0 0 0 0 0 0 0 0 0 0 0 0 0 0 0 0 0 0 0 0 5.35743e-05 5.35743e-05 5.35743e-05
513 0.000125 0 0 0 0 0 0 0 0 0 0 0 0 0 0 0 0 0 0 0 0 0 0 0 5.35743e-05 5.35743e-05 5.35743e-05
151 0.000125 0 0 0 0 0 0 0 0 0 0 0 0 0 0 0 0 0 0 0 0 0 0 0 5.35743e-05 5.35743e-05 5.35743e-05
315 0.000166667 0 0 0 0 0 0 0 0 0 0 0 0 0 0 0 0 0 0 0 0 0 0 0 7.14337e-05 7.14337e-05 7.14337e-05
10000 0.611042 0.441333 0.156 0.03 0 0 0 0 0.605 0.446 0.242 0.092 0.0425 0.00666667 0 0 0.624 0.428 0.182 0.03 0.02 0 0 0 0.44044 0.44044 0.44044
10000 0.688792 0.639333 0.284 0.028 0 0 0 0 0.626 0.529333 0.161 0.036 0 0 0 0 0.69 0.546667 0.205 0.018 0 0 0 0 0.520211 0.520211 0.520211
80 8.33333e-05 0 0 0 0 0 0 0 0 0 0 0 0 0 0 0 0 0 0 0 0 0 0 0 3.57156e-05 3.57156e-05 3.57156e-05
50 8.33333e-05 0 0 0 0 0 0 0 0 0 0 0 0 0 0 0 0 0 0 0 0 0 0 0 3.57156e-05 3.57156e-05 3.57156e-05
482 4.16667e-05 0 0 0 0 0 0 0 0 0 0 0 0 0 0 0 0 0 0 0 0 0 0 0 1.78575e-05 1.78575e-05 1.78575e-05
193 4.16667e-05 0 0 0 0 0 0 0 0 0 0 0 0 0 0 0 0 0 0 0 0 0 0 0 1.78575e-05 1.78575e-05 1.78575e-05
1970 4.16667e-05 0 0 0 0 0 0 0 0 0 0 0 0 0 0 0 0 0 0 0 0 0 0 0 1.78575e-05 1.78575e-05 1.78575e-05
135 0.000125 0 0 0 0 0 0 0 0 0 0 0 0 0 0 0 0 0 0 0 0 0 0 0 5.35743e-05 5.35743e-05 5.35743e-05
49 0.000125 0 0 0 0 0 0 0 0 0 0 0 0 0 0 0 0 0 0 0 0 0 0 0 5.35743e-05 5.35743e-05 5.35743e-05
10000 0.637417 0.448667 0.306 0.072 0.02 0 0 0 0.699 0.676667 0.401 0.138 0.0075 0.0166667 0.01 0 0.593 0.471333 0.151 0.022 0 0 0 0 0.469122 0.469122 0.469122
436 8.33333e-05 0 0 0 0 0 0 0 0 0 0 0 0 0 0 0 0 0 0 0 0 0 0 0 3.57156e-05 3.57156e-05 3.57156e-05
187 0.000166667 0 0 0 0 0 0 0 0 0 0 0 0 0 0 0 0 0 0 0 0 0 0 0 7.14337e-05 7.14337e-05 7.14337e-05
1956 4.16667e-05 0 0 0 0 0 0 0 0 0 0 0 0 0 0 0 0 0 0 0 0 0 0 0 1.78575e-05 1.78575e-05 1.78575e-05
10000 0.6115 0.498667 0.098 0.002 0 0 0 0 0.606 0.494 0.144 0.02 0.0025 0 0 0 0.596 0.650667 0.382 0.166 0.015 0.0266667 0 0 0.438849 0.438849 0.438849
10000 0.642292 0.482 0.28 0.044 0 0 0 0 0.7635 0.679333 0.295 0.086 0 0 0 0 0.5055 0.486 0.114 0.004 0 0 0 0 0.471864 0.471864 0.471864
10000 0.714583 0.554 0.322 0.1 0 0.00333333 0 0 0.705 0.508667 0.279 0.026 0.025 0 0 0 0.6795 0.548 0.147 0.04 0.0475 0 0 0 0.552063 0.552063 0.552063
10000 0.677542 0.644667 0.336 0.106 0.035 0 0 0 0.715 0.611333 0.281 0.08 0 0 0 0 0.5795 0.566 0.315 0.168 0.03 0 0 0 0.507402 0.507402 0.507402
114 4.16667e-05 0 0 0 0 0 0 0 0 0 0 0 0 0 0 0 0 0 0 0 0 0 0 0 1.78575e-05 1.78575e-05 1.78575e-05
146 8.33333e-05 0 0 0 0 0 0 0 0 0 0 0 0 0 0 0 0 0 0 0 0 0 0 0 3.57156e-05 3.57156e-05 3.57156e-05
131 4.16667e-05 0 0 0 0 0 0 0 0 0 0 0 0 0 0 0 0 0 0 0 0 0 0 0 1.78575e-05 1.78575e-05 1.78575e-05
115 0.000208333 0 0 0 0 0 0 0 0 0 0 0 0 0 0 0 0 0 0 0 0 0 0 0 8.92937e-05 8.92937e-05 8.92937e-05
150 4.16667e-05 0 0 0 0 0 0 0 0 0 0 0 0 0 0 0 0 0 0 0 0 0 0 0 1.78575e-05 1.78575e-05 1.78575e-05
193 8.33333e-05 0 0 0 0 0 0 0 0 0 0 0 0 0 0 0 0 0 0 0 0 0 0 0 3.57156e-05 3.57156e-05 3.57156e-05
10000 0.657625 0.509333 0.194 0.036 0 0 0 0 0.6505 0.589333 0.183 0.01 0 0 0 0 0.6915 0.564667 0.213 0.128 0.045 0 0 0 0.49202 0.49202 0.49202
172 8.33333e-05 0 0 0 0 0 0 0 0 0 0 0 0 0 0 0 0 0 0 0 0 0 0 0 3.57156e-05 3.57156e-05 3.57156e-05
101 4.16667e-05 0 0 0 0 0 0 0 0 0 0 0 0 0 0 0 0 0 0 0 0 0 0 0 1.78575e-05 1.78575e-05 1.78575e-05
10000 0.692125 0.538667 0.179 0.098 0.0775 0 0 0 0.706 0.601333 0.244 0.12 0 0 0 0 0.791 0.628 0.21 0.074 0.005 0 0 0 0.538673 0.538673 0.538673
10000 0.679958 0.62 0.341 0.018 0 0 0 0 0.7035 0.51 0.26 0.13 0 0 0 0 0.6145 0.586667 0.203 0.056 0.005 0.00333333 0 0 0.511675 0.511675 0.511675
757 4.16667e-05 0 0 0 0 0 0 0 0 0 0 0 0 0 0 0 0 0 0 0 0 0 0 0 1.78575e-05 1.78575e-05 1.78575e-05
10000 0.677375 0.627333 0.254 0.09 0.0425 0.0166667 0 0 0.656 0.58 0.318 0.086 0.0325 0 0 0 0.6075 0.582 0.135 0.008 0 0 0 0 0.504729 0.504729 0.504729
139 0.000125 0 0 0 0 0 0 0 0 0 0 0 0 0 0 0 0 0 0 0 0 0 0 0 5.35743e-05 5.35743e-05 5.35743e-05
226 0.000125 0 0 0 0 0 0 0 0 0 0 0 0 0 0 0 0 0 0 0 0 0 0 0 5.35743e-05 5.35743e-05 5.35743e-05
322 4.16667e-05 0 0 0 0 0 0 0 0 0 0 0 0 0 0 0 0 0 0 0 0 0 0 0 1.78575e-05 1.78575e-05 1.78575e-05
242 8.33333e-05 0 0 0 0 0 0 0 0 0 0 0 0 0 0 0 0 0 0 0 0 0 0 0 3.57156e-05 3.57156e-05 3.57156e-05
10000 0.705292 0.639333 0.286 0.102 0.015 0.00666667 0 0 0.698 0.666667 0.193 0.014 0 0 0 0 0.6825 0.523333 0.257 0.03 0 0 0 0 0.54219 0.54219 0.54219
387 8.33333e-05 0 0 0 0 0 0 0 0 0 0 0 0 0 0 0 0 0 0 0 0 0 0 0 3.57156e-05 3.57156e-05 3.57156e-05
10000 0.727292 0.626 0.247 0.11 0.0075 0 0 0 0.763 0.602667 0.27 0.024 0 0 0 0 0.7325 0.622 0.343 0.088 0.045 0 0 0 0.575069 0.575069 0.575069
10000 0.694958 0.454 0.171 0.012 0.01 0 0 0 0.667 0.51 0.314 0.036 0.0175 0 0 0 0.6915 0.500667 0.113 0.056 0 0 0 0 0.529887 0.529887 0.529887
10000 0.642333 0.456667 0.199 0.01 0.0075 0 0 0 0.6565 0.530667 0.216 0.092 0.0375 0 0 0 0.693 0.650667 0.249 0.074 0.1175 0.00666667 0 0 0.478158 0.478158 0.478158
147 8.33333e-05 0 0 0 0 0 0 0 0 0 0 0 0 0 0 0 0 0 0 0 0 0 0 0 3.57156e-05 3.57156e-05 3.57156e-05
10000 0.623583 0.388 0.105 0.012 0 0 0 0 0.6735 0.606667 0.21 0.03 0 0 0 0 0.5965 0.496667 0.169 0.018 0 0 0 0 0.454772 0.454772 0.454772
215 4.16667e-05 0 0 0 0 0 0 0 0 0 0 0 0 0 0 0 0 0 0 0 0 0 0 0 1.78575e-05 1.78575e-05 1.78575e-05
10000 0.694917 0.519333 0.341 0.098 0.015 0 0 0 0.6725 0.584 0.235 0.004 0 0 0 0 0.6475 0.578667 0.234 0.016 0.0175 0 0 0 0.526634 0.526634 0.526634
10000 0.76175 0.663333 0.318 0.042 0 0 0 0 0.777 0.451333 0.335 0.206 0.0625 0.05 0 0 0.7745 0.752 0.526 0.136 0.0325 0 0 0 0.617796 0.617796 0.617796
115 4.16667e-05 0 0 0 0 0 0 0 0 0 0 0 0 0 0 0 0 0 0 0 0 0 0 0 1.78575e-05 1.78575e-05 1.78575e-05
