764 0 0 0 0 0 0 0 0 0 0.000666667 0.002 0 0 0 0 0 0 0 0 0 0 0 0 0
197 8.33333e-05 0 0 0 0 0 0 0 0 0 0 0 0 0 0 0 0 0 0 0 0 0 0 0 3.57156e-05 3.57156e-05 3.57156e-05
83 8.33333e-05 0 0 0 0 0 0 0 0 0 0 0 0 0 0 0 0 0 0 0 0 0 0 0 3.57156e-05 3.57156e-05 3.57156e-05
221 4.16667e-05 0 0 0 0 0 0 0 0 0 0 0 0 0 0 0 0 0 0 0 0 0 0 0 1.78575e-05 1.78575e-05 1.78575e-05
79 4.16667e-05 0 0 0 0 0 0 0 0 0 0 0 0 0 0 0 0 0 0 0 0 0 0 0 1.78575e-05 1.78575e-05 1.78575e-05
246 0 0 0 0 0 0 0 0 0 0.000666667 0 0 0 0 0 0 0 0 0 0 0 0 0 0
129 0 0 0 0 0 0 0 0 0.0005 0 0 0 0 0 0 0 0 0 0 0 0 0 0 0 1.78575e-05 1.78575e-05 1.78575e-05
272 4.16667e-05 0 0 0 0 0 0 0 0 0 0 0 0 0 0 0 0 0 0 0 0 0 0 0 1.78575e-05 1.78575e-05 1.78575e-05
133 4.16667e-05 0 0 0 0 0 0 0 0 0 0 0 0 0 0 0 0 0 0 0 0 0 0 0 1.78575e-05 1.78575e-05 1.78575e-05
245 4.16667e-05 0 0 0 0 0 0 0 0 0 0 0 0 0 0 0 0 0 0 0 0 0 0 0 1.78575e-05 1.78575e-05 1.78575e-05
114 4.16667e-05 0 0 0 0 0 0 0 0 0 0 0 0 0 0 0 0 0 0 0 0 0 0 0 1.78575e-05 1.78575e-05 1.78575e-05
78 4.16667e-05 0 0 0 0 0 0 0 0 0 0 0 0 0 0 0 0 0 0 0 0 0 0 0 1.78575e-05 1.78575e-05 1.78575e-05
80 4.16667e-05 0 0 0 0 0 0 0 0 0 0 0 0 0 0 0 0 0 0 0 0 0 0 0 1.78575e-05 1.78575e-05 1.78575e-05
63 4.16667e-05 0 0 0 0 0 0 0 0 0 0 0 0 0 0 0 0 0 0 0 0 0 0 0 1.78575e-05 1.78575e-05 1.78575e-05
125 4.16667e-05 0 0 0 0 0 0 0 0 0 0 0 0 0 0 0 0 0 0 0 0 0 0 0 1.78575e-05 1.78575e-05 1.78575e-05
54 4.16667e-05 0 0 0 0 0 0 0 0 0 0 0 0 0 0 0 0 0 0 0 0 0 0 0 1.78575e-05 1.78575e-05 1.78575e-05
69 4.16667e-05 0 0 0 0 0 0 0 0 0 0 0 0 0 0 0 0 0 0 0 0 0 0 0 1.78575e-05 1.78575e-05 1.78575e-05
144 8.33333e-05 0 0 0 0 0 0 0 0 0 0 0 0 0 0 0 0 0 0 0 0 0 0 0 3.57156e-05 3.57156e-05 3.57156e-05
143 4.16667e-05 0 0 0 0 0 0 0 0 0 0 0 0 0 0 0 0 0 0 0 0 0 0 0 1.78575e-05 1.78575e-05 1.78575e-05
348 4.16667e-05 0 0 0 0 0 0 0 0 0 0 0 0 0 0 0 0 0 0 0 0 0 0 0 1.78575e-05 1.78575e-05 1.78575e-05
108 8.33333e-05 0 0 0 0 0 0 0 0 0 0 0 0 0 0 0 0 0 0 0 0 0 0 0 3.57156e-05 3.57156e-05 3.57156e-05
314 4.16667e-05 0 0 0 0 0 0 0 0 0 0 0 0 0 0 0 0 0 0 0 0 0 0 0 1.78575e-05 1.78575e-05 1.78575e-05
100 8.33333e-05 0 0 0 0 0 0 0 0 0 0 0 0 0 0 0 0 0 0.002 0 0 0 0 0 3.57156e-05 3.57156e-05 3.57156e-05
126 4.16667e-05 0 0 0 0 0 0 0 0 0 0 0 0 0 0 0 0 0 0 0 0 0 0 0 1.78575e-05 1.78575e-05 1.78575e-05
575 8.33333e-05 0 0 0 0 0 0 0 0 0 0 0 0 0 0 0 0 0 0 0 0 0 0 0 3.57156e-05 3.57156e-05 3.57156e-05
274 4.16667e-05 0 0 0 0 0 0 0 0 0 0 0 0 0 0 0 0 0 0 0 0 0 0 0 1.78575e-05 1.78575e-05 1.78575e-05
77 4.16667e-05 0 0 0 0 0 0 0 0 0 0 0 0 0 0 0 0 0 0 0 0 0 0 0 1.78575e-05 1.78575e-05 1.78575e-05
249 4.16667e-05 0 0 0 0 0 0 0 0 0 0 0 0 0 0 0 0 0 0 0 0 0 0 0 1.78575e-05 1.78575e-05 1.78575e-05
125 4.16667e-05 0 0 0 0 0 0 0 0 0 0 0 0 0 0 0 0 0 0 0 0 0 0 0 1.78575e-05 1.78575e-05 1.78575e-05
101 4.16667e-05 0 0 0 0 0 0 0 0 0 0 0 0 0 0 0 0 0 0 0 0 0 0 0 1.78575e-05 1.78575e-05 1.78575e-05
875 4.16667e-05 0 0 0 0 0 0 0 0 0 0 0 0 0 0 0 0 0 0 0 0 0 0 0 1.78575e-05 1.78575e-05 1.78575e-05
107 4.16667e-05 0 0 0 0 0 0 0 0 0 0 0 0 0 0 0 0 0 0 0 0 0 0 0 1.78575e-05 1.78575e-05 1.78575e-05
145 8.33333e-05 0 0 0 0 0 0 0 0 0 0 0 0 0 0 0 0 0 0 0 0 0 0 0 3.57156e-05 3.57156e-05 3.57156e-05
74 4.16667e-05 0 0 0 0 0 0 0 0 0 0 0 0 0 0 0 0 0 0 0 0 0 0 0 1.78575e-05 1.78575e-05 1.78575e-05
578 4.16667e-05 0 0 0 0 0 0 0 0 0 0 0 0 0 0 0 0 0 0 0 0 0 0 0 1.78575e-05 1.78575e-05 1.78575e-05
145 8.33333e-05 0 0 0 0 0 0 0 0 0 0 0 0 0 0 0 0 0 0 0 0 0 0 0 3.57156e-05 3.57156e-05 3.57156e-05
93 0.000125 0 0 0 0 0 0 0 0 0 0 0 0 0 0 0 0 0 0 0 0 0 0 0 5.35743e-05 5.35743e-05 5.35743e-05
208 4.16667e-05 0 0 0 0 0 0 0 0 0 0 0 0 0 0 0 0 0 0 0 0 0 0 0 1.78575e-05 1.78575e-05 1.78575e-05
235 4.16667e-05 0 0 0 0 0 0 0 0 0 0 0 0 0 0 0 0 0 0 0 0 0 0 0 1.78575e-05 1.78575e-05 1.78575e-05
156 4.16667e-05 0 0 0 0 0 0 0 0 0 0 0 0 0 0 0 0 0 0 0 0 0 0 0 1.78575e-05 1.78575e-05 1.78575e-05
181 8.33333e-05 0 0 0 0 0 0 0 0 0 0 0 0 0 0 0 0 0 0 0 0 0 0 0 3.57156e-05 3.57156e-05 3.57156e-05
87 4.16667e-05 0 0 0 0 0 0 0 0 0 0 0 0 0 0 0 0 0 0 0 0 0 0 0 1.78575e-05 1.78575e-05 1.78575e-05
185 4.16667e-05 0 0 0 0 0 0 0 0 0 0 0 0 0 0 0 0 0 0 0 0 0 0 0 1.78575e-05 1.78575e-05 1.78575e-05
186 4.16667e-05 0 0 0 0 0 0 0 0 0 0 0 0 0 0 0 0 0 0 0 0 0 0 0 1.78575e-05 1.78575e-05 1.78575e-05
220 4.16667e-05 0 0 0 0 0 0 0 0 0 0 0 0 0 0 0 0 0 0 0 0 0 0 0 1.78575e-05 1.78575e-05 1.78575e-05
385 4.16667e-05 0 0 0 0 0 0 0 0 0 0 0 0 0 0 0 0 0 0 0 0 0 0 0 1.78575e-05 1.78575e-05 1.78575e-05
77 4.16667e-05 0 0 0 0 0 0 0 0 0 0 0 0 0 0 0 0 0 0 0 0 0 0 0 1.78575e-05 1.78575e-05 1.78575e-05
96 8.33333e-05 0 0 0 0 0 0 0 0 0 0 0 0 0 0 0 0 0 0 0 0 0 0 0 3.57156e-05 3.57156e-05 3.57156e-05
532 4.16667e-05 0 0 0 0 0 0 0 0 0 0 0 0 0 0 0 0 0 0 0 0 0 0 0 1.78575e-05 1.78575e-05 1.78575e-05
191 4.16667e-05 0 0 0 0 0 0 0 0 0 0 0 0 0 0 0 0 0 0 0 0 0 0 0 1.78575e-05 1.78575e-05 1.78575e-05
189 4.16667e-05 0 0 0 0 0 0 0 0 0 0 0 0 0 0 0 0 0 0 0 0 0 0 0 1.78575e-05 1.78575e-05 1.78575e-05
904 4.16667e-05 0 0 0 0 0 0 0 0 0 0 0 0 0 0 0 0 0 0 0 0 0 0 0 1.78575e-05 1.78575e-05 1.78575e-05
165 4.16667e-05 0 0 0 0 0 0 0 0 0 0 0 0 0 0 0 0 0 0 0 0 0 0 0 1.78575e-05 1.78575e-05 1.78575e-05
110 8.33333e-05 0 0 0 0 0 0 0 0 0 0 0 0 0 0 0 0 0 0 0 0 0 0 0 3.57156e-05 3.57156e-05 3.57156e-05
171 8.33333e-05 0 0 0 0 0 0 0 0 0 0 0 0 0 0 0 0 0 0 0 0 0 0 0 3.57156e-05 3.57156e-05 3.57156e-05
201 4.16667e-05 0 0 0 0 0 0 0 0 0 0 0 0 0 0 0 0 0 0 0 0 0 0 0 1.78575e-05 1.78575e-05 1.78575e-05
87 4.16667e-05 0 0 0 0 0 0 0 0 0 0 0 0 0 0 0 0 0 0 0 0 0 0 0 1.78575e-05 1.78575e-05 1.78575e-05
60 4.16667e-05 0 0 0 0 0 0 0 0 0 0 0 0 0 0 0 0 0 0 0 0 0 0 0 1.78575e-05 1.78575e-05 1.78575e-05
247 4.16667e-05 0 0 0 0 0 0 0 0 0 0 0 0 0 0 0 0 0 0 0 0 0 0 0 1.78575e-05 1.78575e-05 1.78575e-05
167 4.16667e-05 0 0 0 0 0 0 0 0 0 0 0 0 0 0 0 0 0 0 0 0 0 0 0 1.78575e-05 1.78575e-05 1.78575e-05
51 4.16667e-05 0 0 0 0 0 0 0 0 0 0 0 0 0 0 0 0 0 0 0 0 0 0 0 1.78575e-05 1.78575e-05 1.78575e-05
88 0.000125 0 0 0 0 0 0 0 0 0 0 0 0 0 0 0 0 0 0 0 0 0 0 0 5.35743e-05 5.35743e-05 5.35743e-05
145 0.000125 0 0 0 0 0 0 0 0 0 0 0 0 0 0 0 0 0 0 0 0 0 0 0 5.35743e-05 5.35743e-05 5.35743e-05
52 0.000125 0 0 0 0 0 0 0 0 0 0 0 0 0 0 0 0 0 0 0 0 0 0 0 5.35743e-05 5.35743e-05 5.35743e-05
137 4.16667e-05 0 0 0 0 0 0 0 0 0 0 0 0 0 0 0 0 0 0 0 0 0 0 0 1.78575e-05 1.78575e-05 1.78575e-05
126 4.16667e-05 0 0 0 0 0 0 0 0 0 0 0 0 0 0 0 0 0 0 0 0 0 0 0 1.78575e-05 1.78575e-05 1.78575e-05
388 4.16667e-05 0 0 0 0 0 0 0 0 0 0 0 0 0 0 0 0 0 0 0 0 0 0 0 1.78575e-05 1.78575e-05 1.78575e-05
97 8.33333e-05 0 0 0 0 0 0 0 0 0 0 0 0 0 0 0 0 0 0 0 0 0 0 0 3.57156e-05 3.57156e-05 3.57156e-05
141 4.16667e-05 0 0 0 0 0 0 0 0 0 0 0 0 0 0 0 0 0 0 0 0 0 0 0 1.78575e-05 1.78575e-05 1.78575e-05
145 4.16667e-05 0 0 0 0 0 0 0 0 0 0 0 0 0 0 0 0 0 0 0 0 0 0 0 1.78575e-05 1.78575e-05 1.78575e-05
135 4.16667e-05 0 0 0 0 0 0 0 0 0 0 0 0 0 0 0 0 0 0 0 0 0 0 0 1.78575e-05 1.78575e-05 1.78575e-05
221 4.16667e-05 0 0 0 0 0 0 0 0 0 0 0 0 0 0 0 0 0 0 0 0 0 0 0 1.78575e-05 1.78575e-05 1.78575e-05
90 4.16667e-05 0 0 0 0 0 0 0 0 0 0 0 0 0 0 0 0 0 0 0 0 0 0 0 1.78575e-05 1.78575e-05 1.78575e-05
112 4.16667e-05 0 0 0 0 0 0 0 0 0 0 0 0 0 0 0 0 0 0 0 0 0 0 0 1.78575e-05 1.78575e-05 1.78575e-05
165 8.33333e-05 0 0 0 0 0 0 0 0 0 0 0 0 0 0 0 0 0 0 0 0 0 0 0 3.57156e-05 3.57156e-05 3.57156e-05
151 4.16667e-05 0 0 0 0 0 0 0 0 0 0 0 0 0 0 0 0 0 0 0 0 0 0 0 1.78575e-05 1.78575e-05 1.78575e-05
100 8.33333e-05 0 0 0 0 0 0 0 0 0 0 0 0 0 0 0 0 0 0 0 0 0 0 0 3.57156e-05 3.57156e-05 3.57156e-05
143 8.33333e-05 0 0 0 0 0 0 0 0 0 0 0 0 0 0 0 0 0 0 0 0 0 0 0 3.57156e-05 3.57156e-05 3.57156e-05
88 4.16667e-05 0 0 0 0 0 0 0 0 0 0 0 0 0 0 0 0 0 0 0 0 0 0 0 1.78575e-05 1.78575e-05 1.78575e-05
112 0.000166667 0 0 0 0 0 0 0 0 0 0 0 0 0 0 0 0 0 0 0 0 0 0 0 7.14337e-05 7.14337e-05 7.14337e-05
181 8.33333e-05 0 0 0 0 0 0 0 0 0 0 0 0 0 0 0 0 0 0 0 0 0 0 0 3.57156e-05 3.57156e-05 3.57156e-05
164 4.16667e-05 0 0 0 0 0 0 0 0 0 0 0 0 0 0 0 0 0 0 0 0 0 0 0 1.78575e-05 1.78575e-05 1.78575e-05
144 4.16667e-05 0 0 0 0 0 0 0 0 0 0 0 0 0 0 0 0 0 0 0 0 0 0 0 1.78575e-05 1.78575e-05 1.78575e-05
100 4.16667e-05 0 0 0 0 0 0 0 0 0 0 0 0 0 0 0 0 0 0 0 0 0 0 0 1.78575e-05 1.78575e-05 1.78575e-05
204 4.16667e-05 0 0 0 0 0 0 0 0 0 0 0 0 0 0 0 0 0 0 0 0 0 0 0 1.78575e-05 1.78575e-05 1.78575e-05
127 4.16667e-05 0 0 0 0 0 0 0 0 0 0 0 0 0 0 0 0.0005 0 0 0 0 0 0 0 3.57156e-05 3.57156e-05 3.57156e-05
524 4.16667e-05 0 0 0 0 0 0 0 0 0 0 0 0 0 0 0 0 0 0 0 0 0 0 0 1.78575e-05 1.78575e-05 1.78575e-05
127 4.16667e-05 0 0 0 0 0 0 0 0 0 0 0 0 0 0 0 0 0 0 0 0 0 0 0 1.78575e-05 1.78575e-05 1.78575e-05
98 8.33333e-05 0 0 0 0 0 0 0 0 0 0 0 0 0 0 0 0 0 0 0 0 0 0 0 3.57156e-05 3.57156e-05 3.57156e-05
140 4.16667e-05 0 0 0 0 0 0 0 0 0 0 0 0 0 0 0 0 0 0 0 0 0 0 0 1.78575e-05 1.78575e-05 1.78575e-05
73 4.16667e-05 0 0 0 0 0 0 0 0 0 0 0 0 0 0 0 0 0 0 0 0 0 0 0 1.78575e-05 1.78575e-05 1.78575e-05
167 4.16667e-05 0 0 0 0 0 0 0 0 0 0 0 0 0 0 0 0 0 0 0 0 0 0 0 1.78575e-05 1.78575e-05 1.78575e-05
104 0.000208333 0 0 0 0 0 0 0 0 0 0 0 0 0 0 0 0 0 0 0 0 0 0 0 8.92937e-05 8.92937e-05 8.92937e-05
127 8.33333e-05 0 0 0 0 0 0 0 0 0 0 0 0 0 0 0 0 0 0 0 0 0 0 0 3.57156e-05 3.57156e-05 3.57156e-05
549 4.16667e-05 0 0 0 0 0 0 0 0 0 0 0 0 0 0 0 0 0 0 0 0 0 0 0 1.78575e-05 1.78575e-05 1.78575e-05
84 8.33333e-05 0 0 0 0 0 0 0 0 0 0 0 0 0 0 0 0 0 0 0 0 0 0 0 3.57156e-05 3.57156e-05 3.57156e-05
1108 4.16667e-05 0 0 0 0 0 0 0 0 0 0 0 0 0 0 0 0 0 0 0 0 0 0 0 1.78575e-05 1.78575e-05 1.78575e-05
90 4.16667e-05 0 0 0 0 0 0 0 0 0 0 0 0 0 0 0 0 0 0 0 0 0 0 0 1.78575e-05 1.78575e-05 1.78575e-05
1001 4.16667e-05 0 0 0 0 0 0 0 0 0 0 0 0 0 0 0 0 0 0 0 0 0 0 0 1.78575e-05 1.78575e-05 1.78575e-05
814 4.16667e-05 0 0 0 0 0 0 0 0 0 0 0 0 0 0 0 0 0 0 0 0 0 0 0 1.78575e-05 1.78575e-05 1.78575e-05
