12 0.000498504 0 0 0 0 0 0 0 0 0 0 0 0 0 0 0 0 0 0 0 0 0 0 0 8.3257e-05 8.3257e-05 8.3257e-05
12 0.000498504 0 0 0 0 0 0 0 0 0 0 0 0 0 0 0 0 0 0 0 0 0 0 0 8.3257e-05 8.3257e-05 8.3257e-05
516 0.00088574 0 0 0 0 0 0 0 0 0 0 0 0 0 0 0 0 0 0 0 0 0 0 0 0.000159821 0.000159821 0.000159821
20 0.000497512 0 0 0 0 0 0 0 0 0 0 0 0 0 0 0 0 0 0 0 0 0 0 0 8.32016e-05 8.32016e-05 8.32016e-05
60 0 0 0 0 0 0 0 0 0.0005 0 0 0 0 0 0 0 0 0 0 0 0 0 0 0 8.29256e-05 8.29256e-05 8.29256e-05
42 0 0 0 0 0 0 0 0 0 0.00133333 0 0 0 0 0 0 0 0 0 0 0 0 0 0
56 0.000493097 0 0 0 0 0 0 0 0 0 0 0 0 0 0 0 0 0 0 0 0 0 0 0 8.29531e-05 8.29531e-05 8.29531e-05
52 0 0.000666667 0 0 0 0 0 0 0 0 0 0 0 0 0 0 0 0 0 0 0 0 0 0
25 0 0 0 0 0 0 0 0 0 0 0 0 0 0 0 0 0.0005 0 0 0 0 0 0 0 8.31739e-05 8.31739e-05 8.31739e-05
28 0.000496524 0 0 0 0 0 0 0 0 0 0 0 0 0 0 0 0 0 0 0 0 0 0 0 8.31463e-05 8.31463e-05 8.31463e-05
75 0 0 0 0 0 0 0 0 0.0005 0 0 0 0 0 0 0 0 0 0 0 0 0 0 0 8.28432e-05 8.28432e-05 8.28432e-05
175 0 0 0 0 0 0 0 0 0 0.000666667 0 0 0 0 0 0 0 0 0 0 0 0 0 0
80 0 0 0 0 0 0 0 0 0 0.000666667 0 0 0 0 0 0 0 0 0 0 0 0 0 0
71 0 0 0 0 0 0 0 0 0 0 0 0 0 0 0 0 0.0005 0 0 0 0 0 0 0 8.28706e-05 8.28706e-05 8.28706e-05
58 0 0 0 0 0 0 0 0 0 0 0 0 0 0 0 0 0.0015 0 0 0 0 0 0 0 0.000248901 0.000248901 0.000248901
36 0 0.002 0 0 0 0 0 0 0 0 0 0 0 0 0 0 0 0 0 0 0 0 0 0
257 0 0.000666667 0 0 0 0 0 0 0 0 0 0 0 0 0 0 0 0 0 0 0 0 0 0
116 0 0 0 0 0 0 0 0 0 0 0 0 0 0 0 0 0.0005 0 0 0 0 0 0 0 8.25423e-05 8.25423e-05 8.25423e-05
27 0.000497018 0 0 0 0 0 0 0 0 0 0 0 0 0 0 0 0 0 0 0 0 0 0 0 8.31739e-05 8.31739e-05 8.31739e-05
266 0.000938086 0 0 0 0 0 0 0 0 0 0 0 0 0 0 0 0 0 0 0 0 0 0 0 0.000163106 0.000163106 0.000163106
43 0 0 0 0 0 0 0 0 0 0 0 0 0 0 0 0 0.0005 0 0 0 0 0 0 0 8.30634e-05 8.30634e-05 8.30634e-05
21 0 0 0 0 0 0 0 0 0.002 0 0 0 0 0 0 0 0 0 0 0 0 0 0 0 0.000332889 0.000332889 0.000332889
1126 0 0 0 0 0 0 0 0 0.0005 0 0 0 0 0 0 0 0 0 0 0 0 0 0 0 7.62021e-05 7.62021e-05 7.62021e-05
315 0.000927644 0 0 0 0 0 0 0 0 0 0 0 0 0 0 0 0 0 0 0 0 0 0 0 0.00016247 0.00016247 0.00016247
506 0.00044405 0 0 0 0 0 0 0 0 0 0 0 0 0 0 0 0 0 0 0 0 0 0 0 7.99808e-05 7.99808e-05 7.99808e-05
142 0.000966184 0 0 0 0 0 0 0 0 0 0 0 0 0 0 0 0 0 0 0 0 0 0 0 0.000164772 0.000164772 0.000164772
10000 0.688686 0.756 0.849 0.804 0.8825 0.923333 0.8 0.97 0.539 0.531333 0.439 0.362 0.3025 0.123333 0.045 0.01 0.803 0.895333 0.961 0.89 0.9975 1 1 1 0.141477 0.503695 0.186126
51 0.000494071 0 0 0 0 0 0 0 0 0 0 0 0 0 0 0 0 0 0 0 0 0 0 0 8.30082e-05 8.30082e-05 8.30082e-05
882 0 0 0 0 0 0 0 0 0 0.000666667 0 0 0 0 0 0 0 0 0 0 0 0 0 0
512 0 0 0 0 0 0 0 0 0.001 0 0 0 0 0 0 0 0 0 0 0 0 0 0 0 0.000159872 0.000159872 0.000159872
23 0 0 0 0 0 0 0 0 0 0 0 0 0 0 0 0 0.0005 0 0 0 0 0 0 0 8.32016e-05 8.32016e-05 8.32016e-05
78 0 0 0 0 0 0 0 0 0 0 0 0 0 0 0 0 0 0.00266667 0 0 0 0 0 0
207 0.000475737 0 0 0 0 0 0 0 0 0 0 0 0 0 0 0 0 0 0 0 0 0 0 0 8.19471e-05 8.19471e-05 8.19471e-05
62 0 0 0 0 0 0 0 0 0 0 0 0 0 0 0 0 0.0005 0 0 0 0 0 0 0 8.29256e-05 8.29256e-05 8.29256e-05
13 0.000997009 0 0 0 0 0 0 0 0 0 0 0 0 0 0 0 0 0 0 0 0 0 0 0 0.000166528 0.000166528 0.000166528
61 0 0 0 0 0 0 0 0 0 0 0 0 0 0 0 0 0.0005 0 0 0 0 0 0 0 8.29256e-05 8.29256e-05 8.29256e-05
88 0.000978474 0 0 0 0 0 0 0 0 0 0 0 0 0 0 0 0 0 0 0 0 0 0 0 0.000165481 0.000165481 0.000165481
12 0.000498504 0 0 0 0 0 0 0 0 0 0 0 0 0 0 0 0 0 0 0 0 0 0 0 8.3257e-05 8.3257e-05 8.3257e-05
23 0.000497512 0.000666667 0 0 0 0 0 0 0 0 0 0 0 0 0 0 0 0 0 0 0 0 0 0 8.32016e-05 8.32016e-05 8.32016e-05
17 0.00149402 0 0 0 0 0 0 0 0 0 0 0 0 0 0 0 0 0 0 0 0 0 0 0 0.000249729 0.000249729 0.000249729
32 0 0 0 0 0 0 0 0 0.001 0 0 0 0 0 0 0 0 0 0 0 0 0 0 0 0.000166251 0.000166251 0.000166251
182 0 0 0 0 0 0 0 0 0.0005 0 0 0 0 0 0 0 0 0 0 0 0 0 0 0 8.21085e-05 8.21085e-05 8.21085e-05
21 0.000995025 0 0 0 0 0 0 0 0 0 0 0 0 0 0 0 0.001 0 0 0 0 0 0 0 0.000332889 0.000332889 0.000332889
35 0.000496032 0 0 0 0 0 0 0 0 0 0 0 0 0 0 0 0 0 0 0 0 0 0 0 8.31186e-05 8.31186e-05 8.31186e-05
56 0 0 0 0 0 0 0 0 0 0.000666667 0 0 0 0 0 0 0 0 0 0 0 0 0 0
22 0.000497512 0 0 0 0 0 0 0 0 0 0 0 0 0 0 0 0 0 0 0 0 0 0 0 8.32016e-05 8.32016e-05 8.32016e-05
41 0 0 0 0 0 0 0 0 0.0005 0 0 0 0 0 0 0 0 0 0 0 0 0 0 0 8.30634e-05 8.30634e-05 8.30634e-05
21 0.000497512 0.002 0 0 0 0 0 0 0 0 0 0 0 0 0 0 0 0 0 0 0 0 0 0 8.32016e-05 8.32016e-05 8.32016e-05
251 0 0 0 0 0 0 0 0 0 0 0 0 0 0 0 0 0.0005 0 0 0 0 0 0 0 8.16526e-05 8.16526e-05 8.16526e-05
165 0 0 0 0 0 0 0 0 0.0005 0 0 0 0 0 0 0 0 0 0 0 0 0 0 0 8.22166e-05 8.22166e-05 8.22166e-05
14 0.000498504 0 0 0 0 0 0 0 0 0 0 0 0 0 0 0 0 0 0 0 0 0 0 0 8.3257e-05 8.3257e-05 8.3257e-05
29 0 0 0 0 0 0 0 0 0 0 0 0 0 0 0 0 0 0.00133333 0 0 0 0 0 0
24 0.000497018 0 0 0 0 0 0 0 0 0 0 0 0 0 0 0 0 0 0 0 0 0 0 0 8.31739e-05 8.31739e-05 8.31739e-05
60 0 0 0 0 0 0 0 0 0.0025 0 0 0 0 0 0 0 0 0 0 0 0 0 0 0 0.000414766 0.000414766 0.000414766
49 0 0.000666667 0 0 0 0 0 0 0 0 0 0 0 0 0 0 0 0 0 0 0 0 0 0
1191 0 0 0 0 0 0 0 0 0.001 0.000666667 0 0 0 0 0 0 0 0 0 0 0 0 0 0 0.000151676 0.000151676 0.000151676
30 0 0 0 0 0 0 0 0 0.0005 0 0 0 0 0 0 0 0 0 0 0 0 0 0 0 8.31463e-05 8.31463e-05 8.31463e-05
123 0 0 0 0 0 0 0 0 0 0 0 0 0 0 0 0 0.0005 0 0 0 0 0 0 0 8.25151e-05 8.25151e-05 8.25151e-05
144 0 0 0 0 0 0 0 0 0 0 0 0 0 0 0 0 0.0005 0 0 0 0 0 0 0 8.2352e-05 8.2352e-05 8.2352e-05
29 0.00148957 0 0 0 0 0 0 0 0 0 0 0 0 0 0 0 0.001 0 0 0 0 0 0 0 0.00041587 0.00041587 0.00041587
189 0 0.000666667 0.002 0 0 0 0 0 0 0 0 0 0 0 0 0 0 0 0 0 0 0 0 0
63 0 0 0 0 0 0 0 0 0 0 0 0 0 0 0 0 0.0005 0 0 0 0 0 0 0 8.29256e-05 8.29256e-05 8.29256e-05
76 0 0 0.001 0 0 0 0 0 0 0 0 0 0 0 0 0 0 0 0 0 0 0 0 0
103 0 0 0 0 0 0 0 0 0 0.00133333 0 0 0 0 0 0 0 0 0 0 0 0 0 0
60 0.000985222 0 0 0 0 0 0 0 0 0 0 0 0 0 0 0 0 0 0 0 0 0 0 0 0.000165865 0.000165865 0.000165865
47 0 0 0 0 0 0 0 0 0.0005 0 0 0 0 0 0 0 0 0 0 0 0 0 0 0 8.30358e-05 8.30358e-05 8.30358e-05
33 0.000496032 0 0 0 0 0 0 0 0 0 0 0 0 0 0 0 0 0 0 0 0 0 0 0 8.31186e-05 8.31186e-05 8.31186e-05
731 0 0 0.001 0 0 0 0 0 0 0 0 0 0 0 0 0 0 0 0 0 0 0 0 0
73 0.000491159 0 0 0 0 0 0 0 0 0 0 0 0 0 0 0 0 0 0 0 0 0 0 0 8.28432e-05 8.28432e-05 8.28432e-05
962 0 0 0 0 0 0 0 0 0 0 0 0 0 0 0 0 0.002 0 0 0 0 0 0 0 0.000308737 0.000308737 0.000308737
69 0 0 0 0 0 0 0 0 0.0005 0 0 0 0 0 0 0 0 0 0 0 0 0 0 0 8.28706e-05 8.28706e-05 8.28706e-05
114 0 0 0.001 0 0 0 0 0 0 0 0 0 0 0 0 0 0 0 0 0 0 0 0 0
151 0 0 0 0 0 0 0 0 0 0 0 0 0 0 0 0 0 0 0.003 0 0 0 0 0
26 0.000994036 0 0 0 0 0 0 0 0 0 0 0 0 0 0 0 0 0 0 0 0 0 0 0 0.000166362 0.000166362 0.000166362
342 0 0 0.001 0 0 0 0 0 0 0 0 0 0 0 0 0 0 0 0 0 0 0 0 0
347 0 0 0 0 0 0 0 0 0.0005 0 0 0 0 0 0 0 0 0 0 0 0 0 0 0 8.10176e-05 8.10176e-05 8.10176e-05
14 0 0 0 0 0 0 0 0 0 0 0 0 0 0 0 0 0.0005 0 0 0 0 0 0 0 8.3257e-05 8.3257e-05 8.3257e-05
17 0.000498008 0 0 0 0 0 0 0 0.0005 0 0 0 0 0 0 0 0 0 0 0 0 0 0 0 0.000166472 0.000166472 0.000166472
13 0 0 0 0 0 0 0 0 0 0 0 0 0 0 0 0 0.0005 0 0 0 0 0 0 0 8.3257e-05 8.3257e-05 8.3257e-05
254 0.000470367 0 0 0 0 0 0 0 0 0 0 0 0 0 0 0 0 0 0 0 0 0 0 0 8.1626e-05 8.1626e-05 8.1626e-05
24 0.000497018 0 0 0 0 0 0 0 0 0 0 0 0 0 0 0 0 0 0 0 0 0 0 0 8.31739e-05 8.31739e-05 8.31739e-05
16 0.000498008 0.000666667 0 0 0 0 0 0 0 0 0 0 0 0 0 0 0 0 0 0 0 0 0 0 8.32293e-05 8.32293e-05 8.32293e-05
69 0.000983284 0 0 0 0 0 0 0 0 0 0 0 0 0 0 0 0 0 0 0 0 0 0 0 0.000165755 0.000165755 0.000165755
145 0 0 0 0 0 0 0 0 0.0005 0 0 0 0 0 0 0 0 0 0 0 0 0 0 0 8.2352e-05 8.2352e-05 8.2352e-05
47 0.00197824 0 0 0 0 0 0 0 0 0 0 0 0 0 0 0 0 0 0 0 0 0 0 0 0.000332226 0.000332226 0.000332226
31 0 0.000666667 0 0 0 0 0 0 0 0 0 0 0 0 0 0 0 0 0 0 0 0 0 0
99 0 0 0 0 0 0 0 0 0.0005 0 0 0 0 0 0 0 0 0 0 0 0 0 0 0 8.26788e-05 8.26788e-05 8.26788e-05
25 0 0 0 0 0 0 0 0 0 0 0 0 0 0 0 0 0.0005 0 0 0 0 0 0 0 8.31739e-05 8.31739e-05 8.31739e-05
70 0 0.000666667 0 0 0 0 0 0 0 0 0 0 0 0 0 0 0 0 0 0 0 0 0 0
13 0.000498504 0 0 0 0 0 0 0 0 0 0 0 0 0 0 0 0 0 0 0 0 0 0 0 8.3257e-05 8.3257e-05 8.3257e-05
87 0 0 0 0 0 0 0 0 0 0 0 0 0 0 0 0 0.002 0 0 0 0 0 0 0 0.000331126 0.000331126 0.000331126
82 0 0 0 0 0 0 0 0 0.0005 0 0 0 0 0 0 0 0 0 0 0 0 0 0 0 8.27883e-05 8.27883e-05 8.27883e-05
56 0.000493097 0 0 0 0 0 0 0 0 0 0 0 0 0 0 0 0 0 0 0 0 0 0 0 8.29531e-05 8.29531e-05 8.29531e-05
102 0 0 0 0 0 0 0 0 0 0 0 0 0 0 0 0 0.001 0 0 0 0 0 0 0 0.000165317 0.000165317 0.000165317
71 0 0 0.001 0 0 0 0 0 0 0 0 0 0 0 0 0 0 0 0 0 0 0 0 0
16 0.000996016 0 0 0 0 0 0 0 0 0 0 0 0 0 0 0 0 0 0 0 0 0 0 0 0.000166472 0.000166472 0.000166472
10 0 0.00133333 0 0 0 0 0 0 0 0 0 0 0 0 0 0 0.0015 0 0 0 0 0 0 0 0.000249896 0.000249896 0.000249896
368 0 0 0 0 0 0 0 0 0 0 0.001 0 0 0 0 0 0 0 0 0 0 0 0 0
29 0 0 0 0 0 0 0 0 0.001 0 0 0 0 0 0 0 0 0 0 0 0 0 0 0 0.000166306 0.000166306 0.000166306
119 0 0 0 0 0 0 0 0 0 0 0.001 0 0 0 0 0 0 0 0 0 0 0 0 0
