18 0.000498008 0 0 0 0 0 0 0 0 0 0 0 0 0 0 0 0 0 0 0 0 0 0 0 8.32293e-05 8.32293e-05 8.32293e-05
19 0.000498008 0 0 0 0 0 0 0 0 0 0 0 0 0 0 0 0 0 0 0 0 0 0 0 8.32293e-05 8.32293e-05 8.32293e-05
20 0.000497512 0 0 0 0 0 0 0 0 0 0 0 0 0 0 0 0 0 0 0 0 0 0 0 8.32016e-05 8.32016e-05 8.32016e-05
28 0.000496524 0 0 0 0 0 0 0 0 0 0 0 0 0 0 0 0 0 0 0 0 0 0 0 8.31463e-05 8.31463e-05 8.31463e-05
20 0 0 0 0 0 0 0 0 0 0 0 0 0 0 0 0 0.001 0 0 0 0 0 0 0 0.000166417 0.000166417 0.000166417
53 0.000493583 0 0 0 0 0 0 0 0 0 0 0 0 0 0 0 0 0 0 0 0 0 0 0 8.29807e-05 8.29807e-05 8.29807e-05
188 0.000477555 0 0 0 0 0 0 0 0 0 0 0 0 0 0 0 0 0 0 0 0 0 0 0 8.20546e-05 8.20546e-05 8.20546e-05
804 0 0 0 0 0 0 0 0 0.0015 0 0 0 0 0 0 0 0.0005 0 0 0 0 0 0 0 0.0003125 0.0003125 0.0003125
124 0.000484966 0 0 0 0 0 0 0 0.001 0 0 0 0 0 0 0 0 0 0 0 0 0 0 0 0.000247504 0.000247504 0.000247504
153 0 0.000666667 0 0 0 0 0 0 0 0 0 0 0 0 0 0 0 0 0 0 0 0 0 0
7 0.000999001 0 0 0 0 0 0 0 0 0 0 0 0 0 0 0 0 0 0 0 0 0 0 0 0.000166639 0.000166639 0.000166639
476 0 0 0 0 0 0 0 0 0 0 0.001 0 0 0 0 0 0 0 0 0 0 0 0 0
29 0.000496524 0 0 0 0 0 0 0 0 0 0 0 0 0 0 0 0 0 0 0 0 0 0 0 8.31463e-05 8.31463e-05 8.31463e-05
39 0 0 0 0 0 0 0 0 0 0 0 0 0 0 0 0 0.0005 0 0 0 0 0 0 0 8.3091e-05 8.3091e-05 8.3091e-05
309 0 0.000666667 0 0 0 0 0 0 0 0 0 0 0 0 0 0 0 0 0 0 0 0 0 0
133 0 0 0 0 0 0 0 0 0 0 0 0 0 0 0 0 0 0.000666667 0 0 0 0 0 0
61 0.000985222 0 0 0 0 0 0 0 0 0 0 0 0 0 0 0 0 0 0 0 0 0 0 0 0.000165865 0.000165865 0.000165865
71 0 0 0 0 0 0 0 0 0.0005 0 0 0 0 0 0 0 0 0 0 0 0 0 0 0 8.28706e-05 8.28706e-05 8.28706e-05
19 0 0.002 0 0 0 0 0 0 0 0 0 0 0 0 0 0 0 0 0 0 0 0 0 0
86 0 0 0 0 0 0 0 0 0 0.00133333 0.001 0 0 0 0 0 0 0 0 0 0 0 0 0
755 0.000420875 0 0 0 0 0 0 0 0 0 0 0 0 0 0 0 0 0 0 0 0 0 0 0 7.84252e-05 7.84252e-05 7.84252e-05
32 0.000496032 0 0 0 0 0 0 0 0 0 0 0 0 0 0 0 0 0 0 0 0 0 0 0 8.31186e-05 8.31186e-05 8.31186e-05
48 0.000494071 0 0 0 0 0 0 0 0 0 0 0 0 0 0 0 0.0005 0 0 0 0 0 0 0 0.00016603 0.00016603 0.00016603
27 0 0 0 0 0 0 0 0 0.0005 0 0 0 0 0 0 0 0 0 0 0 0 0 0 0 8.31739e-05 8.31739e-05 8.31739e-05
49 0.000494071 0 0 0 0 0 0 0 0 0 0 0 0 0 0 0 0 0 0 0 0 0 0 0 8.30082e-05 8.30082e-05 8.30082e-05
18 0.000498008 0 0 0 0 0 0 0 0 0 0 0 0 0 0 0 0 0 0 0 0 0 0 0 8.32293e-05 8.32293e-05 8.32293e-05
124 0 0 0 0 0 0 0 0 0 0 0 0 0 0 0 0 0 0.000666667 0 0 0 0 0 0
38 0 0.000666667 0 0 0 0 0 0 0 0 0 0 0 0 0 0 0 0 0 0 0 0 0 0
190 0.000477555 0 0 0 0 0 0 0 0 0 0 0 0 0 0 0 0 0 0 0 0 0 0 0 8.20546e-05 8.20546e-05 8.20546e-05
88 0.000978474 0 0 0 0 0 0 0 0 0 0 0 0 0 0 0 0 0 0 0 0 0 0 0 0.000165481 0.000165481 0.000165481
87 0.000979432 0 0 0 0 0 0 0 0 0 0 0 0 0 0 0 0 0 0 0 0 0 0 0 0.000165536 0.000165536 0.000165536
277 0 0 0 0 0 0 0 0 0.0005 0 0 0 0 0 0 0 0 0 0 0 0 0 0 0 8.14664e-05 8.14664e-05 8.14664e-05
116 0 0 0 0 0 0 0 0 0 0.000666667 0 0 0 0 0 0 0 0 0 0 0 0 0 0
29 0 0.002 0 0 0 0 0 0 0 0 0 0 0 0 0 0 0 0 0 0 0 0 0 0
75 0 0 0 0 0 0 0 0 0 0.00133333 0 0 0 0 0 0 0 0 0 0 0 0 0 0
240 0 0.000666667 0 0 0 0 0 0 0 0 0 0 0 0 0 0 0 0 0 0 0 0 0 0
35 0 0 0 0 0 0 0 0 0 0 0 0 0 0 0 0 0 0.000666667 0 0 0 0 0 0
52 0.000987167 0 0 0 0 0 0 0 0 0 0 0 0 0 0 0 0 0 0 0 0 0 0 0 0.000165975 0.000165975 0.000165975
249 0.00047081 0 0 0 0 0 0 0 0 0 0 0 0 0 0 0 0 0 0 0 0 0 0 0 8.16526e-05 8.16526e-05 8.16526e-05
116 0 0 0 0 0 0 0 0 0 0 0 0 0 0 0 0 0.001 0 0 0 0 0 0 0 0.000165098 0.000165098 0.000165098
17 0.000498008 0 0 0 0 0 0 0 0 0 0 0 0 0 0 0 0 0 0 0 0 0 0 0 8.32293e-05 8.32293e-05 8.32293e-05
33 0.000496032 0 0 0 0 0 0 0 0 0 0 0 0 0 0 0 0 0 0 0 0 0 0 0 8.31186e-05 8.31186e-05 8.31186e-05
30 0.000496524 0 0 0 0 0 0 0 0 0 0 0 0 0 0 0 0 0 0 0 0 0 0 0 8.31463e-05 8.31463e-05 8.31463e-05
453 0 0 0 0 0 0 0 0 0 0.000666667 0 0 0 0 0 0 0 0 0 0 0 0 0 0
83 0 0 0 0 0 0 0 0 0 0 0 0 0 0 0 0 0 0.000666667 0 0 0 0 0 0
35 0.000496032 0.00133333 0 0 0 0 0 0 0 0 0 0 0 0 0 0 0 0 0 0 0 0 0 0 8.31186e-05 8.31186e-05 8.31186e-05
63 0.000492611 0 0 0 0 0 0 0 0 0 0 0 0 0 0 0 0 0 0 0 0 0 0 0 8.29256e-05 8.29256e-05 8.29256e-05
51 0.000494071 0 0 0 0 0 0 0 0 0 0 0 0 0 0 0 0 0 0 0 0 0 0 0 8.30082e-05 8.30082e-05 8.30082e-05
25 0 0.000666667 0 0 0 0 0 0 0 0 0 0 0 0 0 0 0 0 0 0 0 0 0 0
16 0.00199203 0 0 0 0 0 0 0 0 0 0 0 0 0 0 0 0 0 0 0 0 0 0 0 0.000333 0.000333 0.000333
38 0 0 0 0 0 0 0 0 0 0 0 0 0 0 0 0 0.0005 0 0 0 0 0 0 0 8.3091e-05 8.3091e-05 8.3091e-05
45 0.00049456 0 0 0 0 0 0 0 0 0 0 0 0 0 0 0 0 0 0 0 0 0 0 0 8.30358e-05 8.30358e-05 8.30358e-05
42 0.00049505 0 0 0 0 0 0 0 0 0 0 0 0 0 0 0 0 0 0 0 0 0 0 0 8.30634e-05 8.30634e-05 8.30634e-05
14 0.00149551 0 0 0 0 0 0 0 0 0 0 0 0 0 0 0 0 0 0 0 0 0 0 0 0.000249813 0.000249813 0.000249813
115 0 0 0.001 0 0 0 0 0 0 0 0 0 0 0 0 0 0 0 0 0 0 0 0 0
44 0.00098912 0 0 0 0 0 0 0 0 0 0 0 0 0 0 0 0 0 0 0 0 0 0 0 0.000166085 0.000166085 0.000166085
12 0.000498504 0 0 0 0 0 0 0 0 0 0 0 0 0 0 0 0 0 0 0 0 0 0 0 8.3257e-05 8.3257e-05 8.3257e-05
104 0 0 0 0 0 0 0 0 0.0005 0 0 0 0 0 0 0 0 0 0 0 0 0 0 0 8.26241e-05 8.26241e-05 8.26241e-05
305 0 0.000666667 0 0 0 0 0 0 0 0 0 0 0 0 0 0 0 0 0 0 0 0 0 0
15 0.00149551 0 0 0 0 0 0 0 0 0 0 0 0 0 0 0 0 0 0 0 0 0 0 0 0.000249813 0.000249813 0.000249813
55 0.00148075 0 0 0 0 0 0 0 0 0 0 0 0 0 0 0 0 0 0 0 0 0 0 0 0.000248983 0.000248983 0.000248983
429 0 0 0 0 0 0 0 0 0.0005 0 0 0 0 0 0 0 0 0 0 0 0 0 0 0 8.04699e-05 8.04699e-05 8.04699e-05
42 0 0 0 0 0 0 0 0 0 0.000666667 0 0 0 0 0 0 0 0 0 0 0 0 0 0
13 0.000498504 0 0 0 0 0 0 0 0 0 0 0 0 0 0 0 0 0 0 0 0 0 0 0 8.3257e-05 8.3257e-05 8.3257e-05
35 0.000496032 0 0 0 0 0 0 0 0 0 0 0 0 0 0 0 0 0 0 0 0 0 0 0 8.31186e-05 8.31186e-05 8.31186e-05
1454 0 0 0 0 0.0075 0 0 0 0 0 0 0 0 0 0 0 0 0 0 0 0 0 0 0
10 0 0 0 0 0 0 0 0 0.0005 0 0 0 0 0 0 0 0 0 0 0 0 0 0 0 8.32848e-05 8.32848e-05 8.32848e-05
21 0.00149254 0.00133333 0 0 0 0 0 0 0 0 0 0 0 0 0 0 0 0 0 0 0 0 0 0 0.000249646 0.000249646 0.000249646
81 0 0 0 0 0 0 0 0 0.001 0 0 0 0 0 0 0 0 0 0 0 0 0 0 0 0.00016559 0.00016559 0.00016559
82 0 0 0 0 0 0 0 0 0 0 0 0 0 0 0 0 0.0005 0 0 0 0 0 0 0 8.27883e-05 8.27883e-05 8.27883e-05
59 0.000493097 0 0 0 0 0 0 0 0 0 0 0 0 0 0 0 0 0 0 0 0 0 0 0 8.29531e-05 8.29531e-05 8.29531e-05
80 0.000490196 0 0 0 0 0 0 0 0 0 0 0 0 0 0 0 0 0 0 0 0 0 0 0 8.27883e-05 8.27883e-05 8.27883e-05
10 0.000499002 0 0 0 0 0 0 0 0 0 0 0 0 0 0 0 0 0 0 0 0 0 0 0 8.32848e-05 8.32848e-05 8.32848e-05
91 0 0 0 0 0 0 0 0 0 0.000666667 0 0 0 0 0 0 0 0 0 0 0 0 0 0
35 0.000496032 0 0 0 0 0 0 0 0 0 0 0 0 0 0 0 0 0 0 0 0 0 0 0 8.31186e-05 8.31186e-05 8.31186e-05
159 0 0 0 0 0 0 0 0 0 0 0 0.002 0 0 0 0 0 0 0 0 0 0 0 0
61 0 0 0 0 0 0 0 0 0 0 0 0 0 0 0 0 0.0005 0 0 0 0 0 0 0 8.29256e-05 8.29256e-05 8.29256e-05
79 0.000490677 0 0 0 0 0 0 0 0 0 0 0 0 0 0 0 0 0 0 0 0 0 0 0 8.28157e-05 8.28157e-05 8.28157e-05
75 0.000491159 0 0 0 0 0 0 0 0 0 0 0 0 0 0 0 0 0 0 0 0 0 0 0 8.28432e-05 8.28432e-05 8.28432e-05
68 0 0 0 0 0 0 0 0 0.0005 0 0 0 0 0 0 0 0 0 0 0 0 0 0 0 8.28706e-05 8.28706e-05 8.28706e-05
52 0.000493583 0 0 0 0 0 0 0 0 0 0 0 0 0 0 0 0 0 0 0 0 0 0 0 8.29807e-05 8.29807e-05 8.29807e-05
47 0 0.00133333 0 0 0 0 0 0 0 0 0 0 0 0 0 0 0 0 0 0 0 0 0 0
9 0.000499002 0 0 0 0 0 0 0 0 0 0 0 0 0 0 0 0 0 0 0 0 0 0 0 8.32848e-05 8.32848e-05 8.32848e-05
210 0 0 0 0 0 0 0 0 0 0 0.001 0 0 0 0 0 0 0 0 0 0 0 0 0
229 0 0 0 0 0 0 0 0 0.0005 0 0 0 0 0 0 0 0 0 0 0 0 0 0 0 8.17862e-05 8.17862e-05 8.17862e-05
27 0.000497018 0 0 0 0 0 0 0 0 0 0 0 0 0 0 0 0 0 0 0 0 0 0 0 8.31739e-05 8.31739e-05 8.31739e-05
272 0.000468165 0 0 0 0 0 0 0 0 0 0 0 0 0 0 0 0 0 0 0 0 0 0 0 8.1493e-05 8.1493e-05 8.1493e-05
81 0 0 0 0 0 0 0 0 0 0 0 0 0 0 0 0 0.0005 0 0 0 0 0 0 0 8.27883e-05 8.27883e-05 8.27883e-05
67 0.000984252 0 0 0 0 0 0 0 0 0 0 0 0 0 0 0 0 0 0 0 0 0 0 0 0.00016581 0.00016581 0.00016581
33 0 0 0 0 0 0 0 0 0.001 0 0 0 0 0 0 0 0 0 0 0 0 0 0 0 0.000166251 0.000166251 0.000166251
103 0.00146341 0 0 0 0 0 0 0 0 0 0 0 0 0 0 0 0 0 0 0 0 0 0 0 0.000247995 0.000247995 0.000247995
154 0 0.000666667 0 0 0 0 0 0 0 0 0 0 0 0 0 0 0 0 0 0 0 0 0 0
482 0 0.00133333 0 0 0 0 0 0 0 0 0 0 0 0 0 0 0 0 0 0 0 0 0 0
29 0.000496524 0 0 0 0 0 0 0 0 0 0 0 0 0 0 0 0 0 0 0 0 0 0 0 8.31463e-05 8.31463e-05 8.31463e-05
19 0 0 0 0 0 0 0 0 0.0005 0 0 0 0 0 0 0 0 0 0 0 0 0 0 0 8.32293e-05 8.32293e-05 8.32293e-05
297 0 0 0 0 0 0 0 0 0.001 0.000666667 0 0 0 0 0 0 0 0 0 0 0 0 0 0 0.000162681 0.000162681 0.000162681
144 0.000482625 0 0 0 0 0 0 0 0 0 0 0 0 0 0 0 0 0 0 0 0 0 0 0 8.2352e-05 8.2352e-05 8.2352e-05
9 0.000499002 0 0 0 0 0 0 0 0 0 0 0 0 0 0 0 0 0 0 0 0 0 0 0 8.32848e-05 8.32848e-05 8.32848e-05
27 0.000497018 0 0 0 0 0 0 0 0 0 0 0 0 0 0 0 0 0 0 0 0 0 0 0 8.31739e-05 8.31739e-05 8.31739e-05
23 0.000497512 0 0 0 0 0 0 0 0 0 0 0 0 0 0 0 0 0 0 0 0 0 0 0 8.32016e-05 8.32016e-05 8.32016e-05
