10000 0.554792 0.501333 0.281 0.18 0.0525 0 0 0 0.5405 0.381333 0.109 0 0 0 0 0 0.5185 0.426667 0.154 0.06 0.005 0 0 0 0.380432 0.380432 0.380432
251 4.16667e-05 0 0 0 0 0 0 0 0 0 0 0 0 0 0 0 0 0 0 0 0 0 0 0 1.78575e-05 1.78575e-05 1.78575e-05
242 0.000166667 0 0 0 0 0 0 0 0 0 0 0 0 0 0 0 0 0 0 0 0 0 0 0 7.14337e-05 7.14337e-05 7.14337e-05
155 4.16667e-05 0 0 0 0 0 0 0 0 0 0 0 0 0 0 0 0 0 0 0 0 0 0 0 1.78575e-05 1.78575e-05 1.78575e-05
389 8.33333e-05 0 0 0 0 0 0 0 0 0 0 0 0 0 0 0 0 0 0 0 0 0 0 0 3.57156e-05 3.57156e-05 3.57156e-05
134 8.33333e-05 0 0 0 0 0 0 0 0 0 0 0 0 0 0 0 0 0 0 0 0 0 0 0 3.57156e-05 3.57156e-05 3.57156e-05
225 0.00025 0 0 0 0 0 0 0 0 0 0 0 0 0 0 0 0 0 0 0 0 0 0 0 0.000107154 0.000107154 0.000107154
135 4.16667e-05 0 0 0 0 0 0 0 0 0 0 0 0 0 0 0 0 0 0 0 0 0 0 0 1.78575e-05 1.78575e-05 1.78575e-05
163 8.33333e-05 0 0 0 0 0 0 0 0 0 0 0 0 0 0 0 0 0 0 0 0 0 0 0 3.57156e-05 3.57156e-05 3.57156e-05
88 0.00025 0 0 0 0 0 0 0 0 0 0 0 0 0 0 0 0 0 0 0 0 0 0 0 0.000107154 0.000107154 0.000107154
138 4.16667e-05 0 0 0 0 0 0 0 0 0 0 0 0 0 0 0 0 0 0 0 0 0 0 0 1.78575e-05 1.78575e-05 1.78575e-05
242 8.33333e-05 0 0 0 0 0 0 0 0 0 0 0 0 0 0 0 0 0 0 0 0 0 0 0 3.57156e-05 3.57156e-05 3.57156e-05
10000 0.507875 0.462 0.15 0.014 0 0 0 0 0.5035 0.282 0.116 0.118 0.0625 0 0 0 0.3965 0.263333 0.131 0.03 0.0125 0.00333333 0 0 0.332984 0.332984 0.332984
10000 0.677333 0.544667 0.202 0.124 0 0 0 0 0.6035 0.431333 0.237 0.15 0.0125 0 0 0 0.6915 0.402667 0.186 0.098 0.0425 0 0 0 0.50724 0.50724 0.50724
10000 0.470583 0.316667 0.114 0.02 0.0075 0 0 0 0.4685 0.431333 0.114 0.032 0 0 0 0 0.4375 0.380667 0.174 0.058 0.0025 0 0 0 0.305544 0.305544 0.305544
212 4.16667e-05 0 0 0 0 0 0 0 0 0 0 0 0 0 0 0 0 0 0 0 0 0 0 0 1.78575e-05 1.78575e-05 1.78575e-05
160 4.16667e-05 0 0 0 0 0 0 0 0 0 0 0 0 0 0 0 0 0 0 0 0 0 0 0 1.78575e-05 1.78575e-05 1.78575e-05
10000 0.445333 0.306 0.103 0.036 0 0 0 0 0.419 0.266667 0.157 0.006 0.0225 0 0 0 0.51 0.536667 0.416 0.42 0.075 0 0 0 0.288719 0.288719 0.288719
10000 0.564458 0.465333 0.205 0.032 0.0125 0 0 0 0.493 0.517333 0.2 0.108 0.015 0 0 0 0.631 0.474667 0.195 0.038 0 0 0 0 0.392862 0.392862 0.392862
10000 0.586125 0.447333 0.344 0.106 0.0325 0.01 0 0 0.5855 0.524667 0.145 0.034 0.0075 0 0 0 0.6595 0.572 0.332 0.098 0.0125 0 0 0 0.41977 0.41977 0.41977
137 4.16667e-05 0 0 0 0 0 0 0 0 0 0 0 0 0 0 0 0 0 0 0 0 0 0 0 1.78575e-05 1.78575e-05 1.78575e-05
137 0 0 0.001 0 0 0 0 0 0 0 0 0 0 0 0 0 0 0 0 0 0 0 0 0
262 8.33333e-05 0 0 0 0 0 0 0 0 0 0 0 0 0 0 0 0 0 0 0 0 0 0 0 3.57156e-05 3.57156e-05 3.57156e-05
333 8.33333e-05 0 0 0 0 0 0 0 0 0 0 0 0 0 0 0 0 0 0 0 0 0 0 0 3.57156e-05 3.57156e-05 3.57156e-05
310 4.16667e-05 0 0 0 0 0 0 0 0 0 0 0 0 0 0 0 0 0 0 0 0 0 0 0 1.78575e-05 1.78575e-05 1.78575e-05
10000 0.48025 0.285333 0.085 0.012 0 0 0 0 0.5615 0.402667 0.231 0.02 0.035 0.00333333 0 0 0.5415 0.496667 0.368 0.114 0.0125 0.03 0 0 0.324879 0.324879 0.324879
189 8.33333e-05 0 0 0 0 0 0 0 0 0 0 0 0 0 0 0 0 0 0 0 0 0 0 0 3.57156e-05 3.57156e-05 3.57156e-05
125 8.33333e-05 0 0 0 0 0 0 0 0 0 0 0 0 0 0 0 0 0 0 0 0 0 0 0 3.57156e-05 3.57156e-05 3.57156e-05
62 4.16667e-05 0 0 0 0 0 0 0 0 0 0 0 0 0 0 0 0 0 0 0 0 0 0 0 1.78575e-05 1.78575e-05 1.78575e-05
10000 0.512167 0.456 0.127 0.062 0.0125 0 0 0 0.528 0.375333 0.138 0.032 0 0 0 0 0.475 0.382667 0.177 0.076 0.0075 0 0 0 0.342861 0.342861 0.342861
185 4.16667e-05 0 0 0 0 0 0 0 0 0 0 0 0 0 0 0 0 0 0 0 0 0 0 0 1.78575e-05 1.78575e-05 1.78575e-05
10000 0.529667 0.488 0.274 0.128 0.0225 0 0 0 0.4315 0.226 0.054 0.024 0 0 0 0 0.489 0.401333 0.175 0.094 0.0275 0 0 0 0.351123 0.351123 0.351123
10000 0.589542 0.442667 0.184 0.068 0.0075 0 0 0 0.5735 0.525333 0.204 0.024 0.0025 0 0 0 0.6205 0.474 0.297 0.088 0.0225 0 0 0 0.419051 0.419051 0.419051
95 4.16667e-05 0 0 0 0 0 0 0 0 0 0 0 0 0 0 0 0 0 0 0 0 0 0 0 1.78575e-05 1.78575e-05 1.78575e-05
10000 0.632875 0.504 0.205 0.03 0.005 0 0 0 0.696 0.514 0.132 0.008 0.02 0 0 0 0.584 0.498667 0.181 0.042 0 0 0 0 0.464014 0.464014 0.464014
10000 0.516875 0.299333 0.197 0.018 0.005 0 0 0 0.5235 0.327333 0.174 0.026 0.0025 0 0 0 0.644 0.46 0.252 0.024 0 0 0 0 0.357247 0.357247 0.357247
10000 0.542417 0.359333 0.221 0.02 0 0 0 0 0.592 0.474667 0.22 0.032 0.0075 0 0 0 0.493 0.401333 0.124 0.164 0.0075 0 0 0 0.372145 0.372145 0.372145
205 0.000125 0 0 0 0 0 0 0 0 0 0 0 0 0 0 0 0 0 0 0 0 0 0 0 5.35743e-05 5.35743e-05 5.35743e-05
674 4.16667e-05 0 0 0 0 0 0 0 0 0 0 0 0 0 0 0 0 0 0 0 0 0 0 0 1.78575e-05 1.78575e-05 1.78575e-05
475 4.16667e-05 0 0 0 0 0 0 0 0 0 0 0 0 0 0 0 0 0 0 0 0 0 0 0 1.78575e-05 1.78575e-05 1.78575e-05
10000 0.511667 0.364 0.134 0.022 0.0475 0.00666667 0 0 0.5155 0.288667 0.125 0.12 0.0125 0.00333333 0 0 0.617 0.412667 0.229 0.12 0.0075 0.00333333 0 0 0.350862 0.350862 0.350862
10000 0.494833 0.408667 0.165 0.022 0 0 0 0 0.511 0.44 0.191 0.132 0.005 0 0 0 0.4685 0.363333 0.092 0.018 0 0 0 0 0.328116 0.328116 0.328116
188 4.16667e-05 0 0 0 0 0 0 0 0 0 0 0 0 0 0 0 0 0 0 0 0 0 0 0 1.78575e-05 1.78575e-05 1.78575e-05
100 4.16667e-05 0 0 0 0 0 0 0 0 0 0 0 0 0 0 0 0 0 0 0 0 0 0 0 1.78575e-05 1.78575e-05 1.78575e-05
514 0.000125 0 0 0 0 0 0 0 0 0 0 0 0 0 0 0 0 0 0 0 0 0 0 0 5.35743e-05 5.35743e-05 5.35743e-05
190 4.16667e-05 0 0 0 0 0 0 0 0 0 0 0 0 0 0 0 0 0 0 0 0 0 0 0 1.78575e-05 1.78575e-05 1.78575e-05
188 4.16667e-05 0 0 0 0 0 0 0 0 0 0 0 0 0 0 0 0 0 0 0 0 0 0 0 1.78575e-05 1.78575e-05 1.78575e-05
286 8.33333e-05 0 0 0 0 0 0 0 0 0 0 0 0 0 0 0 0 0 0 0 0 0 0 0 3.57156e-05 3.57156e-05 3.57156e-05
10000 0.498292 0.418667 0.127 0.046 0 0 0 0 0.465 0.408667 0.132 0.082 0.0025 0 0 0 0.503 0.378 0.123 0.016 0 0 0 0 0.330008 0.330008 0.330008
273 4.16667e-05 0 0 0 0 0 0 0 0 0 0 0 0 0 0 0 0 0 0 0 0 0 0 0 1.78575e-05 1.78575e-05 1.78575e-05
291 4.16667e-05 0 0 0 0 0 0 0 0 0 0 0 0 0 0 0 0 0 0 0 0 0 0 0 1.78575e-05 1.78575e-05 1.78575e-05
588 4.16667e-05 0 0 0 0 0 0 0 0 0 0 0 0 0 0 0 0 0 0 0 0 0 0 0 1.78575e-05 1.78575e-05 1.78575e-05
130 8.33333e-05 0 0 0 0 0 0 0 0 0 0 0 0 0 0 0 0 0 0 0 0 0 0 0 3.57156e-05 3.57156e-05 3.57156e-05
122 4.16667e-05 0 0 0 0 0 0 0 0 0 0 0 0 0 0 0 0 0 0 0 0 0 0 0 1.78575e-05 1.78575e-05 1.78575e-05
95 8.33333e-05 0 0 0 0 0 0 0 0 0 0 0 0 0 0 0 0 0 0 0 0 0 0 0 3.57156e-05 3.57156e-05 3.57156e-05
10000 0.474458 0.314 0.122 0.054 0.01 0 0 0 0.5015 0.406667 0.197 0.056 0 0 0 0 0.472 0.376 0.258 0.078 0.0025 0 0 0 0.312521 0.312521 0.312521
76 0.000166667 0 0 0 0 0 0 0 0 0 0 0 0 0 0 0 0 0 0 0 0 0 0 0 7.14337e-05 7.14337e-05 7.14337e-05
10000 0.543625 0.514667 0.368 0.206 0.0275 0.00666667 0 0 0.527 0.458 0.19 0.008 0 0 0 0 0.427 0.42 0.23 0.142 0.025 0.00333333 0 0 0.364356 0.364356 0.364356
109 0.000208333 0 0 0 0 0 0 0 0 0 0 0 0 0 0 0 0 0 0 0 0 0 0 0 8.92937e-05 8.92937e-05 8.92937e-05
10000 0.559375 0.356667 0.145 0.024 0 0 0 0 0.675 0.507333 0.254 0.148 0.0025 0 0 0 0.5085 0.521333 0.434 0.134 0.015 0 0 0 0.392758 0.392758 0.392758
212 4.16667e-05 0 0 0 0 0 0 0 0 0 0 0 0 0 0 0 0 0 0 0 0 0 0 0 1.78575e-05 1.78575e-05 1.78575e-05
120 4.16667e-05 0 0 0 0 0 0 0 0 0 0 0 0 0 0 0 0 0 0 0 0 0 0 0 1.78575e-05 1.78575e-05 1.78575e-05
178 8.33333e-05 0 0 0 0 0 0 0 0 0 0 0 0 0 0 0 0 0 0 0 0 0 0 0 3.57156e-05 3.57156e-05 3.57156e-05
252 4.16667e-05 0 0 0 0 0 0 0 0 0 0 0 0 0 0 0 0 0 0 0 0 0 0 0 1.78575e-05 1.78575e-05 1.78575e-05
202 4.16667e-05 0 0 0 0 0 0 0 0 0 0 0 0 0 0 0 0 0 0 0 0 0 0 0 1.78575e-05 1.78575e-05 1.78575e-05
183 4.16667e-05 0 0 0 0 0 0 0 0 0 0 0 0 0 0 0 0 0 0 0 0 0 0 0 1.78575e-05 1.78575e-05 1.78575e-05
10000 0.55375 0.294667 0.169 0.074 0 0 0 0 0.6285 0.602 0.192 0.014 0 0 0 0 0.5915 0.522667 0.24 0.012 0.01 0 0 0 0.390613 0.390613 0.390613
262 8.33333e-05 0 0 0 0 0 0 0 0 0 0 0 0 0 0 0 0 0 0 0 0 0 0 0 3.57156e-05 3.57156e-05 3.57156e-05
10000 0.469792 0.432 0.241 0.054 0.06 0 0 0 0.383 0.332667 0.226 0.106 0.0325 0.0133333 0 0 0.532 0.466667 0.137 0.02 0 0 0 0 0.305513 0.305513 0.305513
269 4.16667e-05 0 0 0 0 0 0 0 0 0 0 0 0 0 0 0 0 0 0 0 0 0 0 0 1.78575e-05 1.78575e-05 1.78575e-05
10000 0.582875 0.542667 0.299 0.06 0 0 0 0 0.572 0.444 0.23 0.04 0.005 0 0 0 0.637 0.534667 0.141 0.034 0.0125 0 0 0 0.414391 0.414391 0.414391
10000 0.599417 0.429333 0.171 0.048 0.025 0 0 0 0.593 0.384 0.194 0.126 0.0175 0 0 0 0.659 0.519333 0.348 0.14 0.02 0.00333333 0 0 0.431859 0.431859 0.431859
169 4.16667e-05 0 0 0 0 0 0 0 0 0 0 0 0 0 0 0 0 0 0 0 0 0 0 0 1.78575e-05 1.78575e-05 1.78575e-05
142 8.33333e-05 0 0 0 0 0 0 0 0 0 0 0 0 0 0 0 0 0 0 0 0 0 0 0 3.57156e-05 3.57156e-05 3.57156e-05
200 8.33333e-05 0 0 0 0 0 0 0 0 0 0 0 0 0 0 0 0 0 0 0 0 0 0 0 3.57156e-05 3.57156e-05 3.57156e-05
157 8.33333e-05 0 0 0 0 0 0 0 0 0 0 0 0 0 0 0 0 0 0 0 0 0 0 0 3.57156e-05 3.57156e-05 3.57156e-05
10000 0.620542 0.513333 0.19 0.086 0 0.00666667 0 0 0.6895 0.592667 0.182 0.104 0 0 0 0 0.6705 0.450667 0.251 0.05 0.0075 0 0 0 0.458827 0.458827 0.458827
100 4.16667e-05 0 0 0 0 0 0 0 0 0 0 0 0 0 0 0 0 0 0 0 0 0 0 0 1.78575e-05 1.78575e-05 1.78575e-05
99 4.16667e-05 0 0 0 0 0 0 0 0 0 0 0 0 0 0 0 0 0 0 0 0 0 0 0 1.78575e-05 1.78575e-05 1.78575e-05
491 4.16667e-05 0 0 0 0 0 0 0 0 0 0 0 0 0 0 0 0 0 0 0 0 0 0 0 1.78575e-05 1.78575e-05 1.78575e-05
481 4.16667e-05 0 0 0 0 0 0 0 0 0 0 0 0 0 0 0 0 0 0 0 0 0 0 0 1.78575e-05 1.78575e-05 1.78575e-05
10000 0.491583 0.384667 0.224 0.032 0.0075 0.00333333 0 0 0.4795 0.446 0.095 0.008 0 0 0 0 0.466 0.214667 0.125 0.052 0.0025 0 0 0 0.323533 0.323533 0.323533
10000 0.486417 0.318667 0.207 0.078 0.0075 0 0 0 0.4975 0.386667 0.218 0.068 0.0075 0 0 0 0.5025 0.56 0.327 0.084 0.015 0.0333333 0 0 0.323064 0.323064 0.323064
174 4.16667e-05 0 0 0 0 0 0 0 0 0 0 0 0 0 0 0 0 0 0 0 0 0 0 0 1.78575e-05 1.78575e-05 1.78575e-05
157 4.16667e-05 0 0 0 0 0 0 0 0 0 0 0 0 0 0 0 0 0 0 0 0 0 0 0 1.78575e-05 1.78575e-05 1.78575e-05
368 4.16667e-05 0 0 0 0 0 0 0 0 0 0 0 0 0 0 0 0 0 0 0 0 0 0 0 1.78575e-05 1.78575e-05 1.78575e-05
247 8.33333e-05 0 0 0 0 0 0 0 0 0 0 0 0 0 0 0 0 0 0 0 0 0 0 0 3.57156e-05 3.57156e-05 3.57156e-05
10000 0.554042 0.58 0.17 0.03 0.0075 0 0 0 0.561 0.463333 0.129 0.038 0.015 0 0 0 0.615 0.408 0.104 0.014 0.0075 0 0 0 0.387822 0.387822 0.387822
10000 0.552208 0.285333 0.09 0.022 0 0 0 0 0.6165 0.452 0.179 0.022 0 0 0 0 0.65 0.614667 0.224 0.038 0.0025 0 0 0 0.39255 0.39255 0.39255
10000 0.49925 0.448 0.146 0.072 0.0025 0 0 0 0.5715 0.518 0.203 0.082 0.03 0 0 0 0.418 0.362 0.088 0 0 0 0 0 0.332096 0.332096 0.332096
210 8.33333e-05 0 0 0 0 0 0 0 0 0 0 0 0 0 0 0 0 0 0 0 0 0 0 0 3.57156e-05 3.57156e-05 3.57156e-05
10000 0.515042 0.466 0.11 0.038 0 0 0 0 0.5435 0.475333 0.059 0 0 0 0 0 0.526 0.458 0.12 0.052 0 0 0 0 0.349398 0.349398 0.349398
10000 0.494042 0.354667 0.062 0 0 0 0 0 0.4515 0.338 0.175 0.022 0.0075 0 0 0 0.5845 0.362667 0.102 0.006 0.005 0 0 0 0.331083 0.331083 0.331083
10000 0.4915 0.505333 0.135 0.004 0 0 0 0 0.468 0.399333 0.108 0.024 0 0 0 0 0.4385 0.329333 0.225 0.18 0.0175 0 0 0 0.321035 0.321035 0.321035
93 8.33333e-05 0 0 0 0 0 0 0 0 0 0 0 0 0 0 0 0 0 0 0 0 0 0 0 3.57156e-05 3.57156e-05 3.57156e-05
184 8.33333e-05 0 0 0 0 0 0 0 0 0 0 0 0 0 0 0 0 0 0 0 0 0 0 0 3.57156e-05 3.57156e-05 3.57156e-05
10000 0.557625 0.424667 0.149 0.068 0.03 0 0 0 0.4895 0.367333 0.16 0.084 0.0025 0 0 0 0.5785 0.361333 0.114 0.048 0.0175 0.02 0 0 0.383365 0.383365 0.383365
385 0.000125 0 0 0 0 0 0 0 0 0 0 0 0 0 0 0 0 0 0 0 0 0 0 0 5.35743e-05 5.35743e-05 5.35743e-05
332 4.16667e-05 0 0 0 0 0 0 0 0 0 0 0 0 0 0 0 0 0 0 0 0 0 0 0 1.78575e-05 1.78575e-05 1.78575e-05
10000 0.637417 0.563333 0.279 0.066 0.0275 0 0 0 0.71 0.472667 0.27 0.066 0.01 0.00666667 0 0 0.574 0.445333 0.225 0.048 0.0075 0.0333333 0 0 0.468506 0.468506 0.468506
