23 0.000497512 0 0 0 0 0 0 0 0 0 0 0 0 0 0 0 0 0 0 0 0 0 0 0 8.32016e-05 8.32016e-05 8.32016e-05
32 0.000496032 0 0 0 0 0 0 0 0 0 0 0 0 0 0 0 0 0 0 0 0 0 0 0 8.31186e-05 8.31186e-05 8.31186e-05
10000 0.645896 0.590667 0.238 0.038 0.0025 0 0 0 0.6025 0.580667 0.18 0.058 0.0525 0 0 0 0.728 0.622667 0.25 0.038 0.005 0 0 0 0.480011 0.480011 0.480011
10000 0.548452 0.472667 0.139 0.112 0.0125 0 0 0 0.5805 0.605333 0.308 0.074 0.0125 0.02 0 0 0.4635 0.312 0.104 0.024 0.005 0 0 0 0.374264 0.374264 0.374264
170 0 0 0 0 0 0 0 0 0.002 0 0 0 0 0 0 0 0 0 0 0 0 0 0 0 0.000328839 0.000328839 0.000328839
31 0.000496524 0 0 0 0 0 0 0 0 0 0 0 0 0 0 0 0.0005 0 0 0 0 0 0 0 0.000166306 0.000166306 0.000166306
257 0 0 0 0 0 0 0 0 0.001 0.00133333 0 0 0 0 0 0 0 0 0 0 0 0 0 0 0.000163212 0.000163212 0.000163212
515 0.000443262 0 0.001 0 0 0 0 0 0 0 0 0 0 0 0 0 0 0 0 0 0 0 0 0 7.99297e-05 7.99297e-05 7.99297e-05
57 0.000493097 0 0 0 0 0 0 0 0 0 0 0 0 0 0 0 0 0 0 0 0 0 0 0 8.29531e-05 8.29531e-05 8.29531e-05
26 0.000994036 0 0 0 0 0 0 0 0 0 0 0 0 0 0 0 0 0 0 0 0 0 0 0 0.000166362 0.000166362 0.000166362
10000 0.63474 0.513333 0.283 0.06 0.0625 0.03 0 0 0.6515 0.503333 0.277 0.17 0.015 0 0 0 0.646 0.484 0.198 0.13 0.0025 0.00333333 0 0 0.467072 0.467072 0.467072
77 0 0 0 0 0 0 0 0 0 0 0 0 0 0 0 0 0.0005 0 0 0 0 0 0 0 8.28157e-05 8.28157e-05 8.28157e-05
27 0 0 0 0 0 0 0 0 0 0.000666667 0 0 0 0 0 0 0 0 0 0 0 0 0 0
39 0 0 0 0 0 0 0 0 0.0005 0 0 0 0 0 0 0 0 0 0 0 0 0 0 0 8.3091e-05 8.3091e-05 8.3091e-05
10000 0.51715 0.414 0.206 0.04 0.005 0 0 0 0.59 0.392667 0.321 0.058 0.0025 0 0 0 0.4555 0.534 0.392 0.066 0.1175 0.00333333 0 0 0.349481 0.349481 0.349481
10000 0.541542 0.406667 0.077 0.004 0 0 0 0 0.586 0.444667 0.198 0.056 0.0075 0 0 0 0.507 0.427333 0.136 0.022 0 0 0 0 0.371977 0.371977 0.371977
29 0.000496524 0 0 0 0 0 0 0 0 0 0 0 0 0 0 0 0 0 0 0 0 0 0 0 8.31463e-05 8.31463e-05 8.31463e-05
49 0 0 0 0 0 0 0 0 0.0005 0 0 0 0 0 0 0 0 0 0 0 0 0 0 0 8.30082e-05 8.30082e-05 8.30082e-05
10000 0.592865 0.511333 0.092 0.022 0.005 0 0 0 0.575 0.505333 0.185 0.096 0 0 0 0 0.596 0.559333 0.335 0.114 0.0325 0 0 0 0.420267 0.420267 0.420267
10000 0.495213 0.458 0.178 0.094 0.0025 0 0 0 0.438 0.438 0.187 0.064 0.0075 0 0 0 0.4735 0.378667 0.273 0.012 0 0 0 0 0.324135 0.324135 0.324135
10000 0.525641 0.54 0.159 0.036 0.005 0 0 0 0.6305 0.617333 0.303 0.05 0.0075 0 0 0 0.3885 0.312 0.08 0.004 0.0025 0 0 0 0.354405 0.354405 0.354405
36 0.00099108 0 0 0 0 0 0 0 0 0 0 0 0 0 0 0 0 0 0 0 0 0 0 0 0.000166196 0.000166196 0.000166196
76 0 0 0 0 0 0 0 0 0 0 0 0 0 0 0 0 0.0005 0 0 0 0 0 0 0 8.28157e-05 8.28157e-05 8.28157e-05
10000 0.502997 0.346 0.276 0.024 0.02 0 0 0 0.389 0.263333 0.062 0.014 0 0 0 0 0.529 0.376667 0.105 0.018 0 0 0 0 0.330422 0.330422 0.330422
50 0.00197628 0 0 0 0 0 0 0 0 0 0 0 0 0 0 0 0.0005 0 0 0 0 0 0 0 0.000415179 0.000415179 0.000415179
16 0.000996016 0 0 0 0 0 0 0 0.0005 0 0 0 0 0 0 0 0 0 0 0 0 0 0 0 0.000249729 0.000249729 0.000249729
10000 0.545455 0.346 0.23 0.158 0.0225 0.0133333 0 0 0.591 0.549333 0.286 0.066 0.01 0 0 0 0.5005 0.458667 0.19 0.018 0 0 0 0 0.37504 0.37504 0.37504
10 0 0 0 0 0 0 0 0 0.0005 0 0 0 0 0 0 0 0.0005 0 0 0 0 0 0 0 0.000166583 0.000166583 0.000166583
24 0 0 0 0 0 0 0 0 0.0005 0 0 0 0 0 0 0 0 0 0 0 0 0 0 0 8.31739e-05 8.31739e-05 8.31739e-05
10000 0.592491 0.489333 0.272 0.03 0.03 0 0 0 0.726 0.636667 0.244 0.088 0.0225 0 0 0 0.525 0.388667 0.178 0.076 0.015 0.00666667 0 0 0.425722 0.425722 0.425722
42 0.00049505 0 0 0 0 0 0 0 0 0 0 0 0 0 0 0 0 0 0 0 0 0 0 0 8.30634e-05 8.30634e-05 8.30634e-05
10000 0.580586 0.492 0.263 0.058 0.0125 0 0 0 0.6155 0.498 0.19 0.142 0.05 0.0133333 0 0 0.587 0.388 0.108 0.034 0.035 0 0 0 0.411966 0.411966 0.411966
10000 0.600233 0.49 0.147 0.036 0.0025 0 0 0 0.649 0.601333 0.285 0.15 0.0075 0 0 0 0.5895 0.528 0.321 0.058 0.005 0 0 0 0.431585 0.431585 0.431585
22 0.000497512 0 0 0 0 0 0 0 0 0 0 0 0 0 0 0 0 0 0 0 0 0 0 0 8.32016e-05 8.32016e-05 8.32016e-05
10000 0.524392 0.388 0.22 0.02 0.0025 0 0 0 0.484 0.463333 0.303 0.212 0.0225 0 0 0 0.46 0.448 0.142 0.064 0.005 0 0 0 0.34854 0.34854 0.34854
11 0.00149701 0 0 0 0 0 0 0 0.0005 0 0 0 0 0 0 0 0 0 0 0 0 0 0 0 0.000333222 0.000333222 0.000333222
645 0 0 0 0 0 0 0 0 0.001 0 0 0 0 0 0 0 0 0 0 0 0 0 0 0 0.000158203 0.000158203 0.000158203
10000 0.597194 0.475333 0.17 0.082 0.0075 0.00666667 0 0 0.5825 0.546 0.198 0.068 0.02 0 0 0 0.64 0.488 0.194 0.116 0.005 0 0 0 0.427756 0.427756 0.427756
35 0 0 0 0 0 0 0 0 0 0 0 0 0 0 0 0 0.0005 0 0 0 0 0 0 0 8.31186e-05 8.31186e-05 8.31186e-05
10000 0.594905 0.452 0.25 0.034 0.07 0.0233333 0 0 0.6125 0.554 0.274 0.022 0 0 0 0 0.566 0.469333 0.141 0.06 0.0025 0 0 0 0.422574 0.422574 0.422574
10000 0.522353 0.420667 0.225 0.148 0.035 0 0 0 0.4735 0.425333 0.23 0.018 0.0175 0 0 0 0.4815 0.340667 0.098 0.01 0 0 0 0 0.347664 0.347664 0.347664
10000 0.572428 0.437333 0.249 0.054 0.095 0.0233333 0 0 0.581 0.525333 0.237 0.056 0.0025 0 0 0 0.56 0.436667 0.176 0.078 0.0275 0 0 0 0.40071 0.40071 0.40071
22 0.000497512 0 0 0 0 0 0 0 0 0 0 0 0 0 0 0 0 0 0 0 0 0 0 0 8.32016e-05 8.32016e-05 8.32016e-05
10000 0.5415 0.458 0.065 0.052 0.005 0 0 0 0.468 0.393333 0.233 0.142 0.025 0 0 0 0.571 0.458667 0.141 0.016 0 0 0 0 0.368326 0.368326 0.368326
34 0.000992063 0 0 0 0 0 0 0 0 0 0 0 0 0 0 0 0 0 0 0 0 0 0 0 0.000166251 0.000166251 0.000166251
21 0.00149254 0 0 0 0 0 0 0 0.0005 0 0 0 0 0 0 0 0 0 0 0 0 0 0 0 0.000332889 0.000332889 0.000332889
58 0 0 0 0 0 0 0 0 0 0 0 0 0 0 0 0 0.001 0 0 0 0 0 0 0 0.00016592 0.00016592 0.00016592
12 0 0 0 0 0 0 0 0 0.0005 0 0 0 0 0 0 0 0 0 0 0 0 0 0 0 8.3257e-05 8.3257e-05 8.3257e-05
432 0 0 0 0 0 0 0 0 0.0005 0 0 0 0 0 0 0 0 0 0 0 0 0 0 0 8.04441e-05 8.04441e-05 8.04441e-05
92 0 0.000666667 0 0 0 0 0 0 0 0 0 0 0 0 0 0 0 0 0 0 0 0 0 0
25 0 0.000666667 0 0 0 0 0 0 0 0 0 0 0 0 0 0 0 0 0 0 0 0 0 0
10000 0.557484 0.529333 0.315 0.02 0.0125 0 0 0 0.4325 0.447333 0.168 0.09 0.0375 0 0 0 0.608 0.533333 0.442 0.09 0.0175 0 0 0 0.381377 0.381377 0.381377
26 0 0 0 0 0 0 0 0 0 0 0 0 0 0 0 0 0.0005 0 0 0 0 0 0 0 8.31739e-05 8.31739e-05 8.31739e-05
10000 0.606144 0.596667 0.262 0.1 0.015 0.00333333 0 0 0.59 0.566667 0.305 0.04 0.02 0 0 0 0.5795 0.428 0.126 0.012 0 0 0 0 0.431732 0.431732 0.431732
20 0.00248756 0 0 0 0 0 0 0 0 0 0 0 0 0 0 0 0 0 0 0 0 0 0 0 0.000416146 0.000416146 0.000416146
10000 0.561938 0.307333 0.106 0.03 0 0 0 0 0.618 0.516667 0.192 0.026 0.0175 0 0 0 0.5505 0.475333 0.233 0.106 0.0125 0 0 0 0.393847 0.393847 0.393847
10000 0.585872 0.394667 0.182 0.11 0.01 0 0 0 0.5925 0.461333 0.139 0.026 0 0 0 0 0.574 0.506 0.22 0.042 0 0 0 0 0.413925 0.413925 0.413925
11 0.000499002 0 0 0 0 0 0 0 0 0 0 0 0 0 0 0 0 0 0 0 0 0 0 0 8.32848e-05 8.32848e-05 8.32848e-05
30 0 0.00133333 0 0 0 0 0 0 0 0 0 0 0 0 0 0 0 0 0 0 0 0 0 0
32 0 0 0 0 0 0 0 0 0 0 0 0 0 0 0 0 0.0005 0 0 0 0 0 0 0 8.31186e-05 8.31186e-05 8.31186e-05
45 0 0 0 0 0 0 0 0 0.0005 0 0 0 0 0 0 0 0 0 0 0 0 0 0 0 8.30358e-05 8.30358e-05 8.30358e-05
10000 0.449967 0.403333 0.196 0.004 0 0 0 0 0.4615 0.319333 0.13 0.03 0.0075 0 0 0 0.4 0.314667 0.102 0.034 0 0 0 0 0.288016 0.288016 0.288016
38 0.00099108 0 0 0 0 0 0 0 0 0 0 0 0 0 0 0 0 0 0 0 0 0 0 0 0.000166196 0.000166196 0.000166196
76 0.000981354 0 0 0 0 0 0 0 0 0 0 0 0 0 0 0 0 0 0 0 0 0 0 0 0.000165645 0.000165645 0.000165645
10000 0.534507 0.429333 0.17 0.02 0 0 0 0 0.4985 0.462 0.135 0.01 0 0 0 0 0.5585 0.332667 0.096 0.08 0.085 0.00666667 0 0 0.363931 0.363931 0.363931
16 0 0.000666667 0 0 0 0 0 0 0 0 0 0 0 0 0 0 0.0005 0 0 0 0 0 0 0 8.32293e-05 8.32293e-05 8.32293e-05
361 0 0 0 0 0 0 0 0 0 0 0 0 0 0 0 0 0.0005 0 0 0 0 0 0 0 8.09127e-05 8.09127e-05 8.09127e-05
200 0 0 0 0 0 0 0 0 0 0 0 0 0 0 0 0 0.0005 0 0 0 0 0 0 0 8.19739e-05 8.19739e-05 8.19739e-05
493 0.000445236 0 0 0 0 0 0 0 0 0 0 0 0 0 0 0 0 0 0 0 0 0 0 0 8.00576e-05 8.00576e-05 8.00576e-05
16 0.000498008 0 0 0 0 0 0 0 0 0 0 0 0 0 0 0 0 0 0 0 0 0 0 0 8.32293e-05 8.32293e-05 8.32293e-05
306 0 0 0 0 0 0 0 0 0 0 0 0 0 0 0 0 0.0005 0 0 0 0 0 0 0 8.1281e-05 8.1281e-05 8.1281e-05
368 0 0.000666667 0 0 0 0 0 0 0 0 0 0 0 0 0 0 0 0 0 0 0 0 0 0
10000 0.61014 0.565333 0.187 0.012 0.025 0.00333333 0 0 0.579 0.438667 0.204 0.014 0.0075 0 0 0 0.6055 0.513333 0.298 0.222 0 0 0 0 0.436355 0.436355 0.436355
19 0.000996016 0.002 0 0 0 0 0 0 0 0 0 0 0 0 0 0 0 0 0 0 0 0 0 0 0.000166472 0.000166472 0.000166472
10000 0.597652 0.492667 0.274 0.056 0.0025 0 0 0 0.615 0.500667 0.152 0.072 0.0075 0 0 0 0.6385 0.478667 0.295 0.078 0 0 0 0 0.430416 0.430416 0.430416
27 0 0 0 0 0 0 0 0 0 0.000666667 0 0 0 0 0 0 0 0 0 0 0 0 0 0
20 0 0 0 0 0 0 0 0 0.0005 0 0 0 0 0 0 0 0 0 0 0 0 0 0 0 8.32016e-05 8.32016e-05 8.32016e-05
20 0 0 0 0 0 0 0 0 0 0 0 0 0 0 0 0 0.0005 0 0 0 0 0 0 0 8.32016e-05 8.32016e-05 8.32016e-05
12 0.000498504 0 0 0 0 0 0 0 0 0 0 0 0 0 0 0 0 0 0 0 0 0 0 0 8.3257e-05 8.3257e-05 8.3257e-05
21 0.000497512 0 0 0 0 0 0 0 0 0 0 0 0 0 0 0 0 0 0 0 0 0 0 0 8.32016e-05 8.32016e-05 8.32016e-05
51 0.000494071 0.000666667 0 0 0 0 0 0 0 0 0 0 0 0 0 0 0 0 0 0 0 0 0 0 8.30082e-05 8.30082e-05 8.30082e-05
8 0.000499002 0 0 0 0 0 0 0 0 0 0 0 0 0 0 0 0 0 0 0 0 0 0 0 8.32848e-05 8.32848e-05 8.32848e-05
44 0 0 0 0 0 0 0 0 0.0005 0 0 0 0 0 0 0 0 0 0 0 0 0 0 0 8.30358e-05 8.30358e-05 8.30358e-05
153 0 0 0 0.002 0 0 0 0 0 0 0 0 0 0 0 0 0 0 0 0 0 0 0 0
30 0 0 0 0 0 0 0 0 0 0 0 0 0 0 0 0 0.001 0 0 0 0 0 0 0 0.000166306 0.000166306 0.000166306
10000 0.573302 0.449333 0.165 0.024 0 0 0 0 0.5815 0.485333 0.305 0.172 0.005 0 0 0 0.51 0.361333 0.229 0.03 0 0 0 0 0.397985 0.397985 0.397985
61 0 0 0 0 0 0 0 0 0 0 0 0 0 0 0 0 0.0005 0 0 0 0 0 0 0 8.29256e-05 8.29256e-05 8.29256e-05
176 0 0 0 0 0 0 0 0 0 0 0 0 0 0 0 0 0 0 0.002 0 0 0 0 0
10000 0.528929 0.456 0.197 0.052 0.01 0 0 0 0.4655 0.392667 0.142 0.022 0 0 0 0 0.533 0.37 0.285 0.01 0.0025 0 0 0 0.35565 0.35565 0.35565
10000 0.541167 0.481333 0.231 0.08 0 0 0 0 0.565 0.380667 0.3 0.184 0.0525 0.00333333 0 0 0.4645 0.438 0.196 0.028 0.0075 0 0 0 0.367425 0.367425 0.367425
10000 0.622752 0.583333 0.257 0.104 0.0275 0 0 0 0.6205 0.502 0.127 0.018 0 0 0 0 0.559 0.544667 0.301 0.176 0.0025 0 0 0 0.447222 0.447222 0.447222
13 0.000498504 0 0 0 0 0 0 0 0 0 0 0 0 0 0 0 0 0 0 0 0 0 0 0 8.3257e-05 8.3257e-05 8.3257e-05
362 0 0 0 0 0 0 0 0 0 0 0.003 0 0 0 0 0 0 0 0 0 0 0 0 0
50 0.000494071 0 0 0 0 0 0 0 0 0 0 0 0 0 0 0 0 0 0 0 0 0 0 0 8.30082e-05 8.30082e-05 8.30082e-05
42 0.0019802 0 0 0 0 0 0 0 0 0 0 0 0 0 0 0 0 0 0 0 0 0 0 0 0.000332336 0.000332336 0.000332336
371 0 0 0 0 0 0 0 0 0 0 0 0.004 0 0 0 0 0 0 0 0 0 0 0 0
84 0.000979432 0 0 0 0 0 0 0 0 0 0 0 0 0 0 0 0 0 0 0 0 0 0 0 0.000165536 0.000165536 0.000165536
61 0 0.000666667 0 0 0 0 0 0 0.0005 0 0 0 0 0 0 0 0 0 0 0 0 0 0 0 8.29256e-05 8.29256e-05 8.29256e-05
23 0.000497512 0 0 0 0 0 0 0 0 0 0 0 0 0 0 0 0 0 0 0 0 0 0 0 8.32016e-05 8.32016e-05 8.32016e-05
67 0 0.00133333 0 0 0 0 0 0 0 0 0 0 0 0 0 0 0 0 0 0 0 0 0 0
