369 0 0.00133333 0 0 0 0 0 0 0 0 0 0 0 0 0 0 0 0 0 0 0 0 0 0 0 0 0 0 0 0 0 0 0 0 0 0 0 0 0 0 0 0 0 0 0 0 0 0 0 0 0 0
10000 0.3825 0.304 0.149 0.08 0 0 0 0 0.4335 0.388 0.284 0.072 0.055 0.00333333 0 0 0.414 0.394667 0.403 0.198 0.0425 0.00666667 0 0 0.376 0.274 0.252 0.276667 0.308 0.309 0.251 0.176 0.185 0.163 0.188 0.25 0.412 0.332 0.346 0.294 0.15 0.244 0.228 0.178 0.174 0.12 0.286 0.266 0.292 0.172 0.126 0.408 0.257862 0.257862 0.257862
270 0 0 0 0 0 0 0 0 0.001 0 0 0 0 0 0 0 0 0 0 0 0 0 0 0 0 0 0 0 0 0 0 0 0 0 0 0 0 0 0 0 0 0 0 0 0 0 0 0 0 0 0 0 0.000166694 0.000166694 0.000166694
10000 0.4505 0.392 0.295 0.044 0.03 0 0 0 0.355 0.274667 0.204 0.042 0 0 0 0 0.417 0.326667 0.092 0.026 0.005 0 0 0 0.292 0.382 0.230667 0.316 0.248 0.291 0.246 0.225 0.202 0.232 0.221 0.184 0.236 0.25 0.302 0.348 0.306 0.212 0.166 0.156 0.122 0.232 0.266 0.238 0.264 0.078 0.148 0.188 0.255887 0.255887 0.255887
23 0 0.000666667 0 0 0 0 0 0 0 0 0 0 0 0 0 0 0 0 0 0 0 0 0 0 0 0 0 0 0 0 0 0 0 0 0 0 0 0 0 0 0 0 0 0 0 0 0 0 0 0 0 0
10000 0.453 0.462667 0.332 0.092 0.015 0.00666667 0 0 0.4015 0.274 0.12 0.042 0 0 0 0 0.533 0.449333 0.23 0.024 0 0 0 0 0.350667 0.368667 0.442 0.464667 0.207 0.264 0.25 0.237 0.278 0.396 0.383 0.376 0.176 0.112 0.302 0.26 0.162 0.182 0.124 0.1 0.232 0.286 0.254 0.364 0.372 0.416 0.346 0.416 0.300813 0.300813 0.300813
10000 0.477 0.354667 0.302 0.078 0 0 0 0 0.584 0.472 0.356 0.192 0 0 0 0 0.416 0.338 0.139 0.022 0 0 0 0 0.496 0.46 0.373333 0.358667 0.485 0.381 0.403 0.279 0.23 0.338 0.289 0.317 0.51 0.54 0.51 0.454 0.316 0.438 0.246 0.156 0.16 0.236 0.224 0.204 0.256 0.422 0.356 0.234 0.326553 0.326553 0.326553
10000 0.4925 0.386 0.301 0.126 0.005 0 0 0 0.5405 0.503333 0.261 0.05 0.015 0 0 0 0.5205 0.429333 0.379 0.198 0.08 0 0 0 0.514667 0.424667 0.423333 0.438 0.435 0.408 0.396 0.271 0.297 0.333 0.407 0.465 0.282 0.534 0.322 0.494 0.45 0.474 0.42 0.322 0.328 0.348 0.39 0.236 0.41 0.446 0.534 0.412 0.349376 0.349376 0.349376
10000 0.5585 0.486 0.411 0.212 0.03 0.01 0 0 0.649 0.529333 0.418 0.216 0.04 0 0 0 0.533 0.481333 0.367 0.172 0.01 0 0 0 0.518 0.489333 0.534 0.589333 0.462 0.395 0.379 0.348 0.452 0.572 0.548 0.494 0.53 0.36 0.478 0.334 0.26 0.51 0.572 0.552 0.536 0.468 0.576 0.504 0.576 0.504 0.42 0.406 0.408616 0.408616 0.408616
18 0 0.000666667 0 0 0 0 0 0 0 0 0 0 0 0 0 0 0 0 0 0 0 0 0 0 0 0 0 0 0 0 0 0 0 0 0 0 0 0 0 0 0 0 0 0 0 0 0 0 0 0 0 0
10000 0.3925 0.328667 0.255 0.042 0.0225 0 0 0 0.4055 0.331333 0.164 0.07 0.0125 0 0 0 0.3965 0.342667 0.225 0.072 0.045 0 0 0 0.394 0.334 0.317333 0.362667 0.257 0.296 0.272 0.25 0.24 0.268 0.358 0.31 0.186 0.14 0.176 0.132 0.326 0.31 0.336 0.256 0.198 0.218 0.228 0.274 0.254 0.384 0.302 0.298 0.248569 0.248569 0.248569
18 0.0005 0 0 0 0 0 0 0 0 0 0 0 0 0 0 0 0.0005 0 0 0 0 0 0 0 0 0 0 0 0 0 0 0 0 0 0 0 0 0 0 0 0 0 0 0 0 0 0 0 0 0 0 0 0.000166694 0.000166694 0.000166694
75 0.0005 0 0 0 0 0 0 0 0 0 0 0 0 0 0 0 0 0 0 0 0 0 0 0 0 0 0.0142857 0 0 0 0 0 0 0 0 0 0 0 0 0 0 0 0 0 0 0 0 0 0 0 0 0 8.33403e-05 8.33403e-05 8.33403e-05
10000 0.4515 0.371333 0.293 0.11 0.015 0 0 0 0.5275 0.429333 0.258 0.078 0.0025 0 0 0 0.46 0.327333 0.175 0.032 0.015 0 0 0 0.466 0.466667 0.348667 0.340667 0.433 0.326 0.243 0.257 0.203 0.307 0.339 0.466 0.282 0.398 0.25 0.38 0.228 0.252 0.202 0.12 0.212 0.288 0.266 0.498 0.402 0.368 0.462 0.31 0.315501 0.315501 0.315501
139 0 0.000666667 0 0 0 0 0 0 0 0 0 0 0 0 0 0 0 0 0 0 0 0 0 0 0 0 0 0 0 0 0 0 0 0 0 0 0 0 0 0 0 0 0 0 0 0 0 0 0 0 0 0
135 0.0005 0 0 0 0 0 0 0 0 0 0 0 0 0 0 0 0 0 0 0 0 0 0 0 0 0 0 0 0 0 0 0 0 0 0 0 0 0 0 0 0 0 0 0 0 0 0 0 0 0 0 0 8.33403e-05 8.33403e-05 8.33403e-05
10000 0.433 0.429333 0.406 0.088 0.0275 0 0 0 0.4165 0.422 0.266 0.076 0.0275 0 0 0 0.4625 0.448 0.332 0.102 0.0075 0 0 0 0.409333 0.433333 0.43 0.437333 0.367 0.424 0.451 0.345 0.335 0.324 0.339 0.372 0.31 0.288 0.43 0.492 0.454 0.508 0.46 0.296 0.304 0.324 0.264 0.382 0.37 0.25 0.376 0.308 0.279863 0.279863 0.279863
26 0 0 0 0 0 0 0 0 0 0 0 0 0 0 0 0 0.001 0 0 0 0 0 0 0 0 0 0 0 0 0 0 0 0 0 0 0 0 0 0 0 0 0 0 0 0 0 0 0 0 0 0 0 0.000166694 0.000166694 0.000166694
52 0.0005 0 0 0 0 0 0 0 0 0 0 0 0 0 0 0 0 0 0 0 0 0 0 0 0 0 0 0 0 0 0 0 0 0 0 0 0 0 0 0 0 0 0 0 0 0 0 0 0 0 0 0 8.33403e-05 8.33403e-05 8.33403e-05
21 0.001 0 0 0 0 0 0 0 0 0 0 0 0 0 0 0 0 0 0 0 0 0 0 0 0 0 0 0 0 0 0 0 0 0 0 0 0 0 0 0 0 0 0 0 0 0 0 0 0 0 0 0 0.000166694 0.000166694 0.000166694
10000 0.5015 0.484667 0.33 0.116 0.0025 0 0 0 0.5425 0.510667 0.473 0.108 0 0 0 0 0.6005 0.456667 0.264 0.134 0.01 0 0 0 0.516667 0.502667 0.462667 0.454667 0.478 0.523 0.41 0.37 0.292 0.429 0.433 0.397 0.436 0.444 0.52 0.634 0.536 0.328 0.498 0.294 0.262 0.176 0.344 0.544 0.56 0.49 0.394 0.47 0.377569 0.377569 0.377569
10000 0.401 0.275333 0.267 0.054 0 0 0 0 0.3415 0.318 0.216 0.028 0.115 0.00333333 0 0 0.45 0.404667 0.274 0.044 0.05 0 0 0 0.282667 0.299333 0.334667 0.466667 0.25 0.242 0.264 0.307 0.211 0.275 0.268 0.41 0.134 0.202 0.246 0.266 0.248 0.33 0.46 0.286 0.268 0.252 0.312 0.258 0.11 0.324 0.362 0.216 0.24805 0.24805 0.24805
10000 0.497 0.388 0.287 0.024 0.005 0 0 0 0.4705 0.391333 0.253 0.16 0.065 0.00666667 0 0 0.442 0.435333 0.133 0.226 0.025 0 0 0 0.413333 0.402 0.418 0.402 0.311 0.282 0.308 0.26 0.344 0.384 0.369 0.355 0.236 0.208 0.2 0.394 0.248 0.366 0.3 0.29 0.466 0.42 0.436 0.382 0.326 0.296 0.386 0.3 0.307047 0.307047 0.307047
5 0.0035 0 0 0 0 0 0 0 0.0005 0 0 0 0 0 0 0 0 0 0 0 0 0 0 0 0 0 0 0.005 0 0 0 0 0 0 0 0 0 0 0 0 0 0 0 0 0 0 0 0 0 0 0 0 0.000667111 0.000667111 0.000667111
10000 0.3635 0.312 0.227 0.094 0 0 0 0 0.3265 0.334 0.155 0.044 0 0 0 0 0.414 0.377333 0.228 0.084 0.0025 0 0 0 0.286 0.307333 0.342667 0.404 0.319 0.276 0.254 0.219 0.297 0.304 0.349 0.288 0.282 0.158 0.264 0.31 0.344 0.178 0.094 0.192 0.202 0.24 0.298 0.312 0.36 0.312 0.396 0.23 0.22549 0.22549 0.22549
10000 0.571 0.512 0.398 0.108 0.0475 0 0 0 0.449 0.430667 0.216 0.062 0.01 0 0 0 0.5675 0.49 0.301 0.05 0 0 0 0 0.478 0.54 0.514 0.610667 0.354 0.493 0.475 0.474 0.439 0.555 0.569 0.53 0.194 0.356 0.356 0.434 0.618 0.408 0.422 0.478 0.578 0.486 0.558 0.56 0.666 0.604 0.684 0.546 0.359773 0.359773 0.359773
10000 0.412 0.353333 0.228 0.094 0.0025 0 0 0 0.479 0.470667 0.45 0.038 0 0 0 0 0.53 0.374667 0.218 0.086 0.0075 0 0 0 0.43 0.42 0.326 0.407333 0.398 0.352 0.348 0.328 0.283 0.257 0.371 0.312 0.436 0.432 0.272 0.344 0.456 0.266 0.244 0.128 0.118 0.202 0.198 0.27 0.234 0.45 0.338 0.36 0.31033 0.31033 0.31033
29 0 0 0 0 0 0 0 0 0 0 0 0 0 0 0 0 0.0005 0 0 0 0 0 0 0 0 0 0 0 0 0 0 0 0 0 0 0 0 0 0 0 0 0 0 0 0 0 0 0 0 0 0 0 8.33403e-05 8.33403e-05 8.33403e-05
50 0 0 0 0 0 0 0 0 0 0 0 0 0 0 0 0 0.0005 0 0 0 0 0 0 0 0 0 0 0 0 0 0 0 0 0 0 0 0 0 0 0 0 0 0 0 0 0 0 0 0 0 0 0 8.33403e-05 8.33403e-05 8.33403e-05
10000 0.502 0.384667 0.261 0 0 0 0 0 0.498 0.466 0.238 0.082 0.005 0 0 0 0.4175 0.441333 0.225 0.066 0 0 0 0 0.498 0.477333 0.416 0.395333 0.389 0.403 0.424 0.282 0.254 0.339 0.339 0.347 0.272 0.27 0.368 0.462 0.534 0.35 0.288 0.23 0.152 0.3 0.316 0.39 0.326 0.276 0.252 0.358 0.309329 0.309329 0.309329
181 0 0 0 0 0 0 0 0 0 0 0 0 0 0 0 0 0.0005 0 0 0 0 0 0 0 0 0 0 0 0 0 0 0 0 0 0 0 0 0 0 0 0 0 0 0 0 0 0 0 0 0 0 0 8.33403e-05 8.33403e-05 8.33403e-05
32 0 0.000666667 0 0 0 0 0 0 0 0 0 0 0 0 0 0 0 0 0 0 0 0 0 0 0 0 0 0 0 0 0 0 0 0 0 0 0 0 0 0 0 0 0 0 0 0 0 0 0 0 0 0
393 0.001 0 0 0 0 0 0 0 0 0 0 0 0 0 0 0 0 0 0 0 0 0 0 0 0 0 0 0 0 0 0 0 0 0 0 0 0 0 0 0 0 0 0 0 0 0 0 0 0 0 0 0 0.000166694 0.000166694 0.000166694
39 0.001 0 0 0 0 0 0 0 0 0 0 0 0 0 0 0 0 0 0 0 0 0 0 0 0 0 0 0 0 0 0 0 0 0 0 0 0 0 0 0 0 0 0 0 0 0 0 0 0 0 0 0 0.000166694 0.000166694 0.000166694
720 0 0 0 0 0 0 0 0 0 0.00133333 0 0 0 0 0 0 0 0 0 0 0 0 0 0 0 0 0 0 0 0 0 0 0 0 0 0 0 0 0 0 0 0 0 0 0 0 0 0 0 0 0 0
16 0.001 0 0 0 0 0 0 0 0 0 0 0 0 0 0 0 0 0 0 0 0 0 0 0 0 0 0 0 0 0 0 0 0 0 0 0 0 0 0 0 0 0 0 0 0 0 0 0 0 0 0 0 0.000166694 0.000166694 0.000166694
32 0.0005 0 0 0 0 0 0 0 0 0 0 0 0 0 0 0 0 0 0 0 0 0 0 0 0 0 0 0 0 0 0 0 0 0 0 0 0 0 0 0 0 0 0 0 0 0 0 0 0 0 0 0 8.33403e-05 8.33403e-05 8.33403e-05
34 0.001 0 0 0 0 0 0 0 0 0 0 0 0 0 0 0 0 0 0 0 0 0 0 0 0 0 0 0 0 0 0 0 0 0 0 0 0 0 0 0 0 0 0 0 0 0 0 0 0 0 0 0 0.000166694 0.000166694 0.000166694
10000 0.493 0.408 0.313 0.192 0.055 0.00333333 0 0 0.6105 0.493333 0.272 0.12 0 0 0 0 0.3995 0.34 0.2 0.066 0 0 0 0 0.456 0.367333 0.388 0.348667 0.472 0.352 0.274 0.272 0.266 0.255 0.244 0.279 0.572 0.606 0.382 0.268 0.132 0.104 0.186 0.174 0.228 0.268 0.222 0.31 0.26 0.31 0.296 0.292 0.334223 0.334223 0.334223
10000 0.485 0.354 0.297 0.162 0.005 0 0 0 0.422 0.411333 0.244 0.04 0.015 0 0 0 0.468 0.365333 0.158 0.016 0 0 0 0 0.43 0.445333 0.452667 0.494667 0.327 0.366 0.39 0.284 0.351 0.319 0.319 0.322 0.184 0.464 0.34 0.256 0.414 0.406 0.226 0.206 0.252 0.274 0.168 0.258 0.216 0.366 0.304 0.268 0.297297 0.297297 0.297297
35 0 0 0 0 0 0 0 0 0.0005 0 0 0 0 0 0 0 0 0 0 0 0 0 0 0 0 0 0 0 0 0 0 0 0 0 0 0 0 0 0 0 0 0 0 0 0 0 0 0 0 0 0 0 8.33403e-05 8.33403e-05 8.33403e-05
72 0 0 0 0 0 0 0 0 0 0 0 0 0 0 0 0 0.0005 0 0 0 0 0 0 0 0 0 0 0 0 0 0 0 0 0 0 0 0 0 0 0 0 0 0 0 0 0 0 0 0 0 0 0 8.33403e-05 8.33403e-05 8.33403e-05
188 0 0 0 0 0 0 0 0 0.0005 0 0 0 0 0 0 0 0 0 0 0 0 0 0 0 0 0 0 0 0 0 0 0 0 0 0 0 0 0 0 0 0 0 0 0 0 0 0 0 0 0 0 0 8.33403e-05 8.33403e-05 8.33403e-05
442 0 0 0 0 0 0 0 0 0 0 0 0 0 0 0 0 0.0005 0 0 0 0 0 0 0 0 0 0 0 0 0 0 0 0 0 0 0 0 0 0 0 0 0 0 0 0 0 0 0 0 0 0 0 8.33403e-05 8.33403e-05 8.33403e-05
87 0 0 0 0 0 0 0 0 0 0 0 0 0 0 0 0 0.0015 0 0 0 0 0 0 0 0 0 0 0 0 0 0 0 0 0 0 0 0 0 0 0 0 0 0 0 0 0 0 0 0 0 0 0 0.000250063 0.000250063 0.000250063
10000 0.373 0.282 0.184 0.068 0.01 0 0 0 0.411 0.373333 0.218 0.028 0.015 0 0 0 0.3385 0.288 0.249 0.082 0.14 0 0 0 0.346 0.269333 0.242 0.330667 0.314 0.303 0.222 0.203 0.174 0.197 0.222 0.258 0.268 0.342 0.234 0.284 0.2 0.252 0.196 0.116 0.236 0.152 0.192 0.186 0.224 0.292 0.202 0.256 0.230138 0.230138 0.230138
10000 0.541 0.534 0.451 0.278 0.03 0 0 0 0.5495 0.496 0.344 0.206 0.0125 0 0 0 0.564 0.367333 0.335 0.07 0 0 0 0 0.622 0.574 0.539333 0.548 0.474 0.534 0.446 0.357 0.35 0.397 0.46 0.417 0.456 0.594 0.428 0.38 0.476 0.476 0.41 0.244 0.376 0.29 0.424 0.34 0.212 0.55 0.53 0.426 0.380739 0.380739 0.380739
15 0.001 0 0 0 0 0 0 0 0 0 0 0 0 0 0 0 0 0 0 0 0 0 0 0 0 0 0 0 0 0 0 0 0 0 0 0 0 0 0 0 0 0 0 0 0 0 0 0 0 0 0 0 0.000166694 0.000166694 0.000166694
72 0 0 0 0 0 0 0 0 0 0 0 0 0 0 0 0 0.001 0 0 0 0 0 0 0 0 0 0 0 0 0 0 0 0 0 0 0 0 0 0 0 0 0 0 0 0 0 0 0 0 0 0 0 0.000166694 0.000166694 0.000166694
278 0 0 0 0 0 0 0 0 0 0 0 0 0 0 0 0 0 0.000666667 0 0 0 0 0 0 0 0 0 0 0 0 0 0 0 0 0 0 0 0 0 0 0 0 0 0 0 0 0 0 0 0 0 0
289 0 0.000666667 0 0 0 0 0 0 0 0 0 0 0 0 0 0 0 0 0 0 0 0 0 0 0 0 0 0 0 0 0 0 0 0 0 0 0 0 0 0 0 0 0 0 0 0 0 0 0 0 0 0
10000 0.366 0.414667 0.271 0.11 0 0 0 0 0.3845 0.338 0.162 0.048 0 0 0 0 0.342 0.324 0.13 0.086 0.015 0 0.005 0 0.224667 0.290667 0.298667 0.330667 0.216 0.206 0.188 0.228 0.233 0.309 0.328 0.313 0.172 0.172 0.298 0.358 0.164 0.272 0.184 0.128 0.148 0.294 0.318 0.186 0.31 0.254 0.316 0.23 0.222618 0.222618 0.222618
160 0 0 0 0 0 0 0 0 0 0 0 0 0 0 0 0 0 0 0.001 0 0 0 0 0 0 0 0 0 0 0 0 0 0 0 0 0 0 0 0 0 0 0 0 0 0 0 0 0 0 0 0 0
31 0.0005 0 0 0 0 0 0 0 0 0 0 0 0 0 0 0 0 0 0 0 0 0 0 0 0 0 0 0 0 0 0 0 0 0 0 0 0 0 0 0 0 0 0 0 0 0 0 0 0 0 0 0 8.33403e-05 8.33403e-05 8.33403e-05
152 0 0 0 0 0 0 0 0 0 0.000666667 0 0 0 0 0 0 0 0 0 0 0 0 0 0 0 0 0 0 0 0 0 0 0 0 0 0 0 0 0 0 0 0 0 0 0 0 0 0 0 0 0 0
10000 0.3955 0.345333 0.352 0.14 0.005 0 0 0 0.4595 0.388667 0.215 0.064 0.0025 0 0 0 0.284 0.295333 0.132 0.008 0.0125 0 0 0 0.39 0.376667 0.312667 0.291333 0.318 0.218 0.28 0.246 0.178 0.158 0.224 0.206 0.326 0.39 0.256 0.188 0.146 0.242 0.308 0.168 0.248 0.108 0.054 0.19 0.134 0.136 0.182 0.288 0.234314 0.234314 0.234314
60 0.001 0 0 0 0 0 0 0 0 0 0 0 0 0 0 0 0 0 0 0 0 0 0 0 0 0 0 0 0 0 0 0 0 0 0 0 0 0 0 0 0 0 0 0 0 0 0 0 0 0 0 0 0.000166694 0.000166694 0.000166694
137 0 0.000666667 0 0 0 0 0 0 0 0 0 0 0 0 0 0 0 0 0 0 0 0 0 0 0 0 0 0 0 0 0 0 0 0 0 0 0 0 0 0 0 0 0 0 0 0 0 0 0 0 0 0
46 0 0 0 0 0 0 0 0 0 0 0 0 0 0 0 0 0.001 0 0 0 0 0 0 0 0 0 0 0 0 0 0 0 0 0 0 0 0 0 0 0 0 0 0 0 0 0 0 0 0 0 0 0 0.000166694 0.000166694 0.000166694
52 0.001 0 0 0 0 0 0 0 0 0 0 0 0 0 0 0 0 0 0 0 0 0 0 0 0 0 0 0 0 0 0 0 0 0 0 0 0 0 0 0 0 0 0 0 0 0 0 0 0 0 0 0 0.000166694 0.000166694 0.000166694
194 0 0 0 0 0 0 0 0 0.001 0 0 0 0 0 0 0 0 0 0 0 0 0 0 0 0 0 0 0 0 0 0 0 0 0 0 0 0 0 0 0 0 0 0 0 0 0 0 0 0 0 0 0 0.000166694 0.000166694 0.000166694
123 0.001 0 0 0 0 0 0 0 0 0 0 0 0 0 0 0 0 0 0 0 0 0 0 0 0 0 0 0 0 0 0 0 0 0 0 0 0 0 0 0 0 0 0 0 0 0 0 0 0 0 0 0 0.000166694 0.000166694 0.000166694
96 0.0005 0 0 0 0 0 0 0 0.0005 0 0 0 0 0 0 0 0 0 0 0 0 0 0 0 0.00943396 0 0 0 0 0 0 0 0 0 0 0 0 0 0 0 0 0 0 0 0 0 0 0 0 0 0 0 0.000166694 0.000166694 0.000166694
194 0 0 0 0 0 0 0 0 0 0.00133333 0 0 0 0 0 0 0 0 0 0 0 0 0 0 0 0 0 0 0 0 0 0 0 0 0 0 0 0 0 0 0 0 0 0 0 0 0 0 0 0 0 0
285 0 0 0 0 0 0 0 0 0.0005 0 0 0 0 0 0 0 0 0 0 0 0 0 0 0 0 0 0 0 0 0 0 0 0 0 0 0 0 0 0 0 0 0 0 0 0 0 0 0 0 0 0 0 8.33403e-05 8.33403e-05 8.33403e-05
119 0 0 0 0 0 0 0 0 0 0 0 0 0 0 0 0 0 0.000666667 0 0 0 0 0 0 0 0 0 0 0 0 0 0 0 0 0 0 0 0 0 0 0 0 0 0 0 0 0 0 0 0 0 0
148 0.0015 0 0 0 0 0 0 0 0 0 0 0 0 0 0 0 0 0 0 0 0 0 0 0 0 0 0 0 0 0 0 0 0 0 0 0 0 0 0 0 0 0 0 0 0 0 0 0 0 0 0 0 0.000250063 0.000250063 0.000250063
108 0.0005 0 0 0 0 0 0 0 0 0 0 0 0 0 0 0 0 0 0 0 0 0 0 0 0 0 0 0 0 0 0 0 0 0 0 0 0 0 0 0 0 0 0 0 0 0 0 0 0 0 0 0 8.33403e-05 8.33403e-05 8.33403e-05
10000 0.4195 0.449333 0.399 0.126 0.0125 0 0 0 0.4715 0.384 0.307 0.08 0.005 0 0 0 0.3635 0.278 0.108 0.02 0 0 0 0 0.360667 0.446667 0.431333 0.370667 0.352 0.449 0.343 0.27 0.382 0.366 0.351 0.206 0.334 0.216 0.356 0.502 0.414 0.442 0.222 0.126 0.194 0.214 0.496 0.54 0.346 0.318 0.218 0.14 0.264356 0.264356 0.264356
39 0 0 0 0 0 0 0 0 0.0005 0 0 0 0 0 0 0 0.0015 0 0 0 0 0 0 0 0 0 0 0 0 0 0 0 0 0 0 0 0 0 0 0 0 0 0 0 0 0 0 0 0 0 0 0 0.000333444 0.000333444 0.000333444
73 0 0 0.002 0 0 0 0 0 0 0 0 0 0 0 0 0 0 0 0 0 0 0 0 0 0 0 0 0 0 0 0 0 0 0 0 0 0 0 0 0 0 0 0 0 0 0 0 0 0 0 0 0
10000 0.5365 0.536 0.441 0.36 0.0825 0.05 0 0 0.6315 0.550667 0.4 0.172 0.04 0 0 0 0.4595 0.516 0.275 0.058 0.0175 0 0 0 0.535333 0.552 0.5 0.538 0.445 0.404 0.439 0.455 0.427 0.46 0.442 0.39 0.49 0.564 0.344 0.434 0.36 0.296 0.29 0.39 0.498 0.324 0.556 0.428 0.334 0.264 0.3 0.348 0.372213 0.372213 0.372213
20 0.002 0 0 0 0 0 0 0 0 0 0 0 0 0 0 0 0 0 0 0 0 0 0 0 0 0 0 0 0 0 0 0 0 0 0 0 0 0 0 0 0 0 0 0 0 0 0 0 0 0 0 0 0.000333444 0.000333444 0.000333444
138 0 0 0 0 0 0 0 0 0 0.000666667 0 0 0 0 0 0 0 0 0 0 0 0 0 0 0 0 0 0 0 0 0 0 0 0 0 0 0 0 0 0 0 0 0 0 0 0 0 0 0 0 0 0
36 0 0.00133333 0 0 0 0 0 0 0 0 0 0 0 0 0 0 0 0 0 0 0 0 0 0 0 0 0 0 0 0 0 0 0 0 0 0 0 0 0 0 0 0 0 0 0 0 0 0 0 0 0 0
10000 0.4805 0.397333 0.356 0.222 0.0125 0.00333333 0 0 0.561 0.459333 0.303 0.12 0.0075 0 0 0 0.447 0.361333 0.255 0.086 0.0175 0 0 0 0.462 0.415333 0.462 0.437333 0.344 0.452 0.401 0.341 0.395 0.502 0.391 0.379 0.316 0.36 0.512 0.508 0.43 0.296 0.298 0.202 0.268 0.262 0.434 0.49 0.538 0.312 0.396 0.324 0.329935 0.329935 0.329935
136 0 0 0.001 0 0 0 0 0 0 0 0 0 0 0 0 0 0 0 0 0 0 0 0 0 0 0 0 0 0 0 0 0 0 0 0 0 0 0 0 0 0 0 0 0 0 0 0 0 0 0 0 0
10000 0.3775 0.266 0.226 0.062 0.005 0 0 0 0.3585 0.290667 0.099 0.002 0 0 0 0 0.3295 0.272667 0.161 0.024 0.0275 0 0 0 0.331333 0.316 0.290667 0.292667 0.251 0.243 0.178 0.125 0.303 0.172 0.26 0.226 0.27 0.234 0.256 0.254 0.082 0.086 0.196 0.186 0.276 0.17 0.294 0.312 0.2 0.222 0.28 0.362 0.215929 0.215929 0.215929
10000 0.385 0.342667 0.264 0.144 0.0425 0.00333333 0 0 0.399 0.294 0.138 0.13 0.0375 0.00666667 0 0 0.4175 0.425333 0.332 0.038 0 0 0 0 0.428667 0.369333 0.347333 0.348 0.214 0.286 0.264 0.206 0.276 0.361 0.402 0.381 0.152 0.212 0.148 0.2 0.238 0.13 0.108 0.086 0.404 0.29 0.384 0.342 0.3 0.49 0.488 0.398 0.250391 0.250391 0.250391
56 0.0005 0.000666667 0 0 0 0 0 0 0 0 0 0 0 0 0 0 0.0005 0 0 0 0 0 0 0 0 0 0 0 0 0 0 0 0 0 0 0 0 0 0 0 0 0 0 0 0 0 0 0 0 0 0 0 0.000166694 0.000166694 0.000166694
14 0 0 0 0 0 0 0 0 0.0005 0 0 0 0 0 0 0 0 0 0 0 0 0 0 0 0 0 0 0 0 0 0 0 0 0 0 0 0 0 0 0 0 0 0 0 0 0 0 0 0 0 0 0 8.33403e-05 8.33403e-05 8.33403e-05
10000 0.391 0.445333 0.344 0.048 0.0125 0 0 0 0.415 0.412 0.283 0.046 0.0075 0 0 0 0.3815 0.357333 0.226 0.002 0.005 0.0166667 0 0 0.342667 0.379333 0.418667 0.4 0.268 0.357 0.387 0.358 0.292 0.364 0.37 0.41 0.32 0.154 0.288 0.314 0.448 0.386 0.224 0.222 0.138 0.296 0.222 0.286 0.492 0.432 0.296 0.354 0.246753 0.246753 0.246753
34 0 0 0 0 0 0 0 0 0 0 0 0 0 0 0 0 0.0005 0 0 0 0 0 0 0 0 0 0 0 0 0 0 0 0 0 0 0 0 0 0 0 0 0 0 0 0 0 0 0 0 0 0 0 8.33403e-05 8.33403e-05 8.33403e-05
153 0 0 0 0 0 0 0 0 0 0 0 0 0 0 0 0 0.0005 0 0 0 0 0 0 0 0 0 0 0 0 0 0 0 0 0 0 0 0 0 0 0 0 0 0 0 0 0 0 0 0 0 0 0 8.33403e-05 8.33403e-05 8.33403e-05
32 0 0 0 0 0 0 0 0 0.0005 0 0 0 0 0 0 0 0 0 0 0 0 0 0 0 0 0 0 0 0 0 0 0 0 0 0 0 0 0 0 0 0 0 0 0 0 0 0 0 0 0 0 0 8.33403e-05 8.33403e-05 8.33403e-05
90 0 0.00133333 0 0 0 0 0 0 0 0 0 0 0 0 0 0 0 0 0 0 0 0 0 0 0 0 0 0 0 0 0 0 0 0 0 0 0 0 0 0 0 0 0 0 0 0 0 0 0 0 0 0
32 0 0 0 0 0 0 0 0 0.0005 0 0 0 0 0 0 0 0 0 0 0 0 0 0 0 0 0 0 0 0 0 0 0 0 0 0 0 0 0 0 0 0 0 0 0 0 0 0 0 0 0 0 0 8.33403e-05 8.33403e-05 8.33403e-05
162 0 0 0 0 0 0 0 0 0 0 0 0 0 0 0 0 0 0.002 0 0 0 0 0 0 0 0 0 0 0 0 0 0 0 0 0 0 0 0 0 0 0 0 0 0 0 0 0 0 0 0 0 0
10000 0.4915 0.388 0.29 0.06 0 0 0 0 0.482 0.404 0.33 0.074 0 0 0 0 0.5 0.395333 0.3 0.086 0.0025 0 0 0 0.467333 0.414667 0.436 0.438 0.457 0.333 0.279 0.243 0.305 0.349 0.385 0.421 0.536 0.384 0.438 0.272 0.316 0.242 0.15 0.134 0.234 0.266 0.366 0.186 0.164 0.456 0.534 0.334 0.325527 0.325527 0.325527
11 0.0025 0 0 0 0 0 0 0 0 0 0 0 0 0 0 0 0 0 0 0 0 0 0 0 0 0 0 0 0 0 0 0 0 0 0 0 0 0 0 0 0 0 0 0 0 0 0 0 0 0 0 0 0.00041684 0.00041684 0.00041684
19 0.001 0 0 0 0 0 0 0 0 0 0 0 0 0 0 0 0 0 0 0 0 0 0 0 0 0 0 0 0 0 0 0 0 0 0 0 0 0 0 0 0 0 0 0 0 0 0 0 0 0 0 0 0.000166694 0.000166694 0.000166694
10000 0.4125 0.398667 0.346 0.13 0.0025 0 0 0 0.4315 0.37 0.253 0.15 0.065 0 0 0 0.3275 0.373333 0.122 0.11 0.0075 0 0 0 0.465333 0.392667 0.332667 0.330667 0.437 0.369 0.291 0.295 0.29 0.291 0.218 0.239 0.354 0.372 0.316 0.242 0.2 0.248 0.288 0.31 0.34 0.322 0.214 0.23 0.32 0.156 0.218 0.316 0.242622 0.242622 0.242622
190 0 0 0 0 0 0 0 0 0 0 0 0 0 0 0 0 0.0005 0 0 0 0 0 0 0 0 0 0 0 0 0 0 0 0 0 0 0 0 0 0 0 0 0 0 0 0 0 0 0 0 0 0 0 8.33403e-05 8.33403e-05 8.33403e-05
15 0.0005 0 0 0 0 0 0 0 0 0 0 0 0 0 0 0 0 0 0 0 0 0 0 0 0 0 0 0 0 0 0 0 0 0 0 0 0 0 0 0 0 0 0 0 0 0 0 0 0 0 0 0 8.33403e-05 8.33403e-05 8.33403e-05
38 0 0 0 0 0 0 0 0 0.0005 0 0 0 0 0 0 0 0 0 0 0 0 0 0 0 0 0 0 0 0 0 0 0 0 0 0 0 0 0 0 0 0 0 0 0 0 0 0 0 0 0 0 0 8.33403e-05 8.33403e-05 8.33403e-05
329 0 0 0.001 0 0 0 0 0 0 0 0 0 0 0 0 0 0 0 0 0 0 0 0 0 0 0 0 0 0 0 0 0 0 0 0 0 0 0 0 0 0 0 0 0 0 0 0 0 0 0 0 0
10000 0.384 0.288667 0.248 0.058 0.0225 0 0 0 0.3515 0.380667 0.226 0.008 0.0275 0 0 0 0.4065 0.370667 0.134 0.022 0 0 0 0 0.378667 0.360667 0.310667 0.396667 0.244 0.291 0.269 0.268 0.266 0.352 0.301 0.317 0.276 0.218 0.224 0.228 0.298 0.226 0.118 0.232 0.1 0.28 0.178 0.226 0.172 0.246 0.246 0.376 0.235076 0.235076 0.235076
52 0 0 0 0 0 0 0 0 0 0.002 0 0 0 0 0 0 0 0 0 0 0 0 0 0 0 0 0 0 0 0 0 0 0 0 0 0 0 0 0 0 0 0 0 0 0 0 0 0 0 0 0 0
10000 0.5775 0.479333 0.336 0.08 0.0275 0 0 0 0.5965 0.581333 0.417 0.126 0.0075 0 0 0 0.6345 0.455333 0.393 0.128 0.0675 0 0 0 0.582667 0.514 0.446667 0.526667 0.514 0.497 0.486 0.409 0.392 0.319 0.377 0.424 0.518 0.462 0.612 0.524 0.438 0.454 0.338 0.238 0.214 0.34 0.412 0.404 0.496 0.378 0.322 0.426 0.431468 0.431468 0.431468
190 0 0 0 0 0 0 0 0 0.001 0 0 0 0 0 0 0 0 0 0 0 0 0 0 0 0 0 0 0 0 0 0 0 0 0 0 0 0 0 0 0 0 0 0 0 0 0 0 0 0 0 0 0 0.000166694 0.000166694 0.000166694
