175 8.33333e-05 0 0 0 0 0 0 0 0 0 0 0 0 0 0 0 0 0 0 0 0 0 0 0 3.57156e-05 3.57156e-05 3.57156e-05
143 4.16667e-05 0 0 0 0 0 0 0 0 0 0 0 0 0 0 0 0 0 0 0 0 0 0 0 1.78575e-05 1.78575e-05 1.78575e-05
427 4.16667e-05 0 0 0 0 0 0 0 0 0 0 0 0 0 0 0 0 0 0 0 0 0 0 0 1.78575e-05 1.78575e-05 1.78575e-05
425 4.16667e-05 0 0 0 0 0 0 0 0 0 0 0 0 0 0 0 0 0 0 0 0 0 0 0 1.78575e-05 1.78575e-05 1.78575e-05
132 4.16667e-05 0 0 0 0 0 0 0 0 0 0 0 0 0 0 0 0 0 0 0 0 0 0 0 1.78575e-05 1.78575e-05 1.78575e-05
127 4.16667e-05 0 0 0 0 0 0 0 0 0 0 0 0 0 0 0 0 0 0 0 0 0 0 0 1.78575e-05 1.78575e-05 1.78575e-05
400 0.000125 0 0 0 0 0 0 0 0 0 0 0 0 0 0 0 0 0 0 0 0 0 0 0 5.35743e-05 5.35743e-05 5.35743e-05
104 8.33333e-05 0 0 0 0 0 0 0 0 0 0 0 0 0 0 0 0 0 0 0 0 0 0 0 3.57156e-05 3.57156e-05 3.57156e-05
176 4.16667e-05 0 0 0 0 0 0 0 0 0 0 0 0 0 0 0 0 0 0 0 0 0 0 0 1.78575e-05 1.78575e-05 1.78575e-05
166 4.16667e-05 0 0 0 0 0 0 0 0 0 0 0 0 0 0 0 0 0 0 0 0 0 0 0 1.78575e-05 1.78575e-05 1.78575e-05
188 8.33333e-05 0 0 0 0 0 0 0 0 0 0 0 0 0 0 0 0 0 0 0 0 0 0 0 3.57156e-05 3.57156e-05 3.57156e-05
123 4.16667e-05 0 0 0 0 0 0 0 0 0 0 0 0 0 0 0 0 0 0 0 0 0 0 0 1.78575e-05 1.78575e-05 1.78575e-05
155 0 0 0 0 0 0 0 0 0 0 0 0 0 0 0 0 0.0005 0 0 0 0 0 0 0 1.78575e-05 1.78575e-05 1.78575e-05
250 4.16667e-05 0 0 0 0 0 0 0 0 0 0 0 0 0 0 0 0 0 0 0 0 0 0 0 1.78575e-05 1.78575e-05 1.78575e-05
144 4.16667e-05 0 0 0 0 0 0 0 0 0 0 0 0 0 0 0 0 0 0 0 0 0 0 0 1.78575e-05 1.78575e-05 1.78575e-05
145 8.33333e-05 0 0 0 0 0 0 0 0 0 0 0 0 0 0 0 0 0 0 0 0 0 0 0 3.57156e-05 3.57156e-05 3.57156e-05
209 4.16667e-05 0 0 0 0 0 0 0 0 0 0 0 0 0 0 0 0 0 0 0 0 0 0 0 1.78575e-05 1.78575e-05 1.78575e-05
116 4.16667e-05 0 0 0 0 0 0 0 0 0 0 0 0 0 0 0 0 0 0 0 0 0 0 0 1.78575e-05 1.78575e-05 1.78575e-05
245 4.16667e-05 0 0 0 0 0 0 0 0 0 0 0 0 0 0 0 0 0 0 0 0 0 0 0 1.78575e-05 1.78575e-05 1.78575e-05
512 4.16667e-05 0 0 0 0 0 0 0 0 0 0 0 0 0 0 0 0 0 0 0 0 0 0 0 1.78575e-05 1.78575e-05 1.78575e-05
73 4.16667e-05 0 0 0 0 0 0 0 0 0 0 0 0 0 0 0 0 0 0 0 0 0 0 0 1.78575e-05 1.78575e-05 1.78575e-05
118 4.16667e-05 0 0 0 0 0 0 0 0 0 0 0 0 0 0 0 0 0 0 0 0 0 0 0 1.78575e-05 1.78575e-05 1.78575e-05
335 0.000125 0 0 0 0 0 0 0 0 0 0 0 0 0 0 0 0 0 0 0 0 0 0 0 5.35743e-05 5.35743e-05 5.35743e-05
78 8.33333e-05 0 0 0 0 0 0 0 0 0 0 0 0 0 0 0 0 0 0 0 0 0 0 0 3.57156e-05 3.57156e-05 3.57156e-05
75 4.16667e-05 0 0 0 0 0 0 0 0 0 0 0 0 0 0 0 0 0 0 0 0 0 0 0 1.78575e-05 1.78575e-05 1.78575e-05
213 0.000125 0 0 0 0 0 0 0 0 0 0 0 0 0 0 0 0 0 0 0 0 0 0 0 5.35743e-05 5.35743e-05 5.35743e-05
248 8.33333e-05 0 0 0 0 0 0 0 0 0 0 0 0 0 0 0 0 0 0 0 0 0 0 0 3.57156e-05 3.57156e-05 3.57156e-05
236 8.33333e-05 0 0 0 0 0 0 0 0 0 0 0 0 0 0 0 0 0 0 0 0 0 0 0 3.57156e-05 3.57156e-05 3.57156e-05
203 4.16667e-05 0 0 0 0 0 0 0 0 0 0 0 0 0 0 0 0 0 0 0 0 0 0 0 1.78575e-05 1.78575e-05 1.78575e-05
204 4.16667e-05 0 0 0 0 0 0 0 0 0 0 0 0 0 0 0 0 0 0 0 0 0 0 0 1.78575e-05 1.78575e-05 1.78575e-05
140 4.16667e-05 0 0 0 0 0 0 0 0 0 0 0 0 0 0 0 0 0 0 0 0 0 0 0 1.78575e-05 1.78575e-05 1.78575e-05
162 8.33333e-05 0 0 0 0 0 0 0 0 0 0 0 0 0 0 0 0 0 0 0 0 0 0 0 3.57156e-05 3.57156e-05 3.57156e-05
215 4.16667e-05 0 0 0 0 0 0 0 0 0 0 0 0 0 0 0 0 0 0 0 0 0 0 0 1.78575e-05 1.78575e-05 1.78575e-05
78 4.16667e-05 0 0 0 0 0 0 0 0 0 0 0 0 0 0 0 0 0 0 0 0 0 0 0 1.78575e-05 1.78575e-05 1.78575e-05
113 0.00025 0 0 0 0 0 0 0 0 0 0 0 0 0 0 0 0 0 0 0 0 0 0 0 0.000107154 0.000107154 0.000107154
506 8.33333e-05 0 0 0 0 0 0 0 0 0 0 0 0 0 0 0 0 0 0 0 0 0 0 0 3.57156e-05 3.57156e-05 3.57156e-05
143 4.16667e-05 0 0 0 0 0 0 0 0 0 0 0 0 0 0 0 0 0 0 0 0 0 0 0 1.78575e-05 1.78575e-05 1.78575e-05
104 4.16667e-05 0 0 0 0 0 0 0 0 0 0 0 0 0 0 0 0 0 0 0 0 0 0 0 1.78575e-05 1.78575e-05 1.78575e-05
240 0.000125 0 0 0 0 0 0 0 0 0 0 0 0 0 0 0 0 0 0 0 0 0 0 0 5.35743e-05 5.35743e-05 5.35743e-05
113 8.33333e-05 0 0 0 0 0 0 0 0 0 0 0 0 0 0 0 0 0 0 0 0 0 0 0 3.57156e-05 3.57156e-05 3.57156e-05
55 0.000125 0 0 0 0 0 0 0 0 0 0 0 0 0 0 0 0 0 0 0 0 0 0 0 5.35743e-05 5.35743e-05 5.35743e-05
195 0.000208333 0 0 0 0 0 0 0 0 0 0 0 0 0 0 0 0 0 0 0 0 0 0 0 8.92937e-05 8.92937e-05 8.92937e-05
115 0.000166667 0 0 0 0 0 0 0 0 0 0 0 0 0 0 0 0 0 0 0 0 0 0 0 7.14337e-05 7.14337e-05 7.14337e-05
372 8.33333e-05 0 0 0 0 0 0 0 0 0 0 0 0 0 0 0 0 0 0 0 0 0 0 0 3.57156e-05 3.57156e-05 3.57156e-05
99 4.16667e-05 0 0 0 0 0 0 0 0 0 0 0 0 0 0 0 0 0 0 0 0 0 0 0 1.78575e-05 1.78575e-05 1.78575e-05
40 4.16667e-05 0 0 0 0 0 0 0 0 0 0 0 0 0 0 0 0 0 0 0 0 0 0 0 1.78575e-05 1.78575e-05 1.78575e-05
118 4.16667e-05 0 0 0 0 0 0 0 0 0 0 0 0 0 0 0 0 0 0 0 0 0 0 0 1.78575e-05 1.78575e-05 1.78575e-05
183 4.16667e-05 0 0 0 0 0 0 0 0 0 0 0 0 0 0 0 0 0 0 0 0 0 0 0 1.78575e-05 1.78575e-05 1.78575e-05
87 4.16667e-05 0 0 0 0 0 0 0 0 0 0 0 0 0 0 0 0 0 0 0 0 0 0 0 1.78575e-05 1.78575e-05 1.78575e-05
211 4.16667e-05 0 0 0 0 0 0 0 0 0 0 0 0 0 0 0 0 0 0 0 0 0 0 0 1.78575e-05 1.78575e-05 1.78575e-05
139 0.000125 0 0 0 0 0 0 0 0 0 0 0 0 0 0 0 0 0 0 0 0 0 0 0 5.35743e-05 5.35743e-05 5.35743e-05
161 4.16667e-05 0 0 0 0 0 0 0 0 0 0 0 0 0 0 0 0 0 0 0 0 0 0 0 1.78575e-05 1.78575e-05 1.78575e-05
556 0 0 0 0 0 0 0 0 0 0.00133333 0 0 0 0 0 0 0 0 0 0 0 0 0 0
121 8.33333e-05 0 0 0 0 0 0 0 0 0 0 0 0 0 0 0 0 0 0 0 0 0 0 0 3.57156e-05 3.57156e-05 3.57156e-05
177 4.16667e-05 0 0 0 0 0 0 0 0 0 0 0 0 0 0 0 0 0 0 0 0 0 0 0 1.78575e-05 1.78575e-05 1.78575e-05
405 4.16667e-05 0 0 0 0 0 0 0 0 0 0 0 0 0 0 0 0 0 0 0 0 0 0 0 1.78575e-05 1.78575e-05 1.78575e-05
180 8.33333e-05 0 0 0 0 0 0 0 0 0 0 0 0 0 0 0 0 0 0 0 0 0 0 0 3.57156e-05 3.57156e-05 3.57156e-05
141 8.33333e-05 0 0 0 0 0 0 0 0 0 0 0 0 0 0 0 0 0 0 0 0 0 0 0 3.57156e-05 3.57156e-05 3.57156e-05
288 8.33333e-05 0 0 0 0 0 0 0 0 0 0 0 0 0 0 0 0 0 0 0 0 0 0 0 3.57156e-05 3.57156e-05 3.57156e-05
100 4.16667e-05 0 0 0 0 0 0 0 0 0 0 0 0 0 0 0 0 0 0 0 0 0 0 0 1.78575e-05 1.78575e-05 1.78575e-05
58 4.16667e-05 0 0 0 0 0 0 0 0 0 0 0 0 0 0 0 0 0 0 0 0 0 0 0 1.78575e-05 1.78575e-05 1.78575e-05
1341 4.16667e-05 0 0 0 0 0 0 0 0 0 0 0 0 0 0 0 0 0 0 0 0 0 0 0 1.78575e-05 1.78575e-05 1.78575e-05
187 4.16667e-05 0 0 0 0 0 0 0 0 0 0 0 0 0 0 0 0 0 0 0 0 0 0 0 1.78575e-05 1.78575e-05 1.78575e-05
82 0.000166667 0 0 0 0 0 0 0 0 0 0 0 0 0 0 0 0 0 0 0 0 0 0 0 7.14337e-05 7.14337e-05 7.14337e-05
128 8.33333e-05 0 0 0 0 0 0 0 0 0 0 0 0 0 0 0 0 0 0 0 0 0 0 0 3.57156e-05 3.57156e-05 3.57156e-05
76 4.16667e-05 0 0 0 0 0 0 0 0 0 0 0 0 0 0 0 0 0 0 0 0 0 0 0 1.78575e-05 1.78575e-05 1.78575e-05
268 4.16667e-05 0 0 0 0 0 0 0 0 0 0 0 0 0 0 0 0 0 0 0 0 0 0 0 1.78575e-05 1.78575e-05 1.78575e-05
87 4.16667e-05 0 0 0 0 0 0 0 0 0 0 0 0 0 0 0 0 0 0 0 0 0 0 0 1.78575e-05 1.78575e-05 1.78575e-05
211 0.000125 0 0 0 0 0 0 0 0 0 0 0 0 0 0 0 0 0 0 0 0 0 0 0 5.35743e-05 5.35743e-05 5.35743e-05
120 4.16667e-05 0 0 0 0 0 0 0 0 0 0 0 0 0 0 0 0 0 0 0 0 0 0 0 1.78575e-05 1.78575e-05 1.78575e-05
200 0.000125 0 0 0 0 0 0 0 0 0 0 0 0 0 0 0 0 0 0 0 0 0 0 0 5.35743e-05 5.35743e-05 5.35743e-05
140 0.000166667 0 0 0 0 0 0 0 0 0 0 0 0 0 0 0 0 0 0 0 0 0 0 0 7.14337e-05 7.14337e-05 7.14337e-05
697 8.33333e-05 0 0 0 0 0 0 0 0 0 0 0 0 0 0 0 0 0 0 0 0 0 0 0 3.57156e-05 3.57156e-05 3.57156e-05
293 4.16667e-05 0 0 0 0 0 0 0 0 0 0 0 0 0 0 0 0 0 0 0 0 0 0 0 1.78575e-05 1.78575e-05 1.78575e-05
270 4.16667e-05 0 0 0 0 0 0 0 0 0 0 0 0 0 0 0 0 0 0 0 0 0 0 0 1.78575e-05 1.78575e-05 1.78575e-05
137 4.16667e-05 0 0 0 0 0 0 0 0 0 0 0 0 0 0 0 0 0 0 0 0 0 0 0 1.78575e-05 1.78575e-05 1.78575e-05
1097 4.16667e-05 0 0 0 0 0 0 0 0 0 0 0 0 0 0 0 0 0 0 0 0 0 0 0 1.78575e-05 1.78575e-05 1.78575e-05
348 4.16667e-05 0 0 0 0 0 0 0 0 0 0 0 0 0 0 0 0 0 0 0 0 0 0 0 1.78575e-05 1.78575e-05 1.78575e-05
173 4.16667e-05 0 0 0 0 0 0 0 0 0 0 0 0 0 0 0 0 0 0 0 0 0 0 0 1.78575e-05 1.78575e-05 1.78575e-05
199 0.000125 0 0 0 0 0 0 0 0 0 0 0 0 0 0 0 0 0 0 0 0 0 0 0 5.35743e-05 5.35743e-05 5.35743e-05
352 4.16667e-05 0 0 0 0 0 0 0 0 0 0 0 0 0 0 0 0 0 0 0 0 0 0 0 1.78575e-05 1.78575e-05 1.78575e-05
148 0.000125 0 0 0 0 0 0 0 0 0 0 0 0 0 0 0 0 0 0 0 0 0 0 0 5.35743e-05 5.35743e-05 5.35743e-05
57 4.16667e-05 0 0 0 0 0 0 0 0 0 0 0 0 0 0 0 0 0 0 0 0 0 0 0 1.78575e-05 1.78575e-05 1.78575e-05
317 0 0 0 0 0 0 0 0 0 0 0 0 0 0 0 0 0.0005 0 0 0 0 0 0 0 1.78575e-05 1.78575e-05 1.78575e-05
380 0.000125 0 0 0 0 0 0 0 0 0 0 0 0 0 0 0 0 0 0 0 0 0 0 0 5.35743e-05 5.35743e-05 5.35743e-05
257 4.16667e-05 0 0 0 0 0 0 0 0 0 0 0 0 0 0 0 0 0 0 0 0 0 0 0 1.78575e-05 1.78575e-05 1.78575e-05
369 8.33333e-05 0 0 0 0 0 0 0 0 0 0 0 0 0 0 0 0 0 0 0 0 0 0 0 3.57156e-05 3.57156e-05 3.57156e-05
110 4.16667e-05 0 0 0 0 0 0 0 0 0 0 0 0 0 0 0 0 0 0 0 0 0 0 0 1.78575e-05 1.78575e-05 1.78575e-05
89 4.16667e-05 0 0 0 0 0 0 0 0 0 0 0 0 0 0 0 0 0 0 0 0 0 0 0 1.78575e-05 1.78575e-05 1.78575e-05
322 0.000125 0 0 0 0 0 0 0 0 0 0 0 0 0 0 0 0 0 0 0 0 0 0 0 5.35743e-05 5.35743e-05 5.35743e-05
125 4.16667e-05 0 0 0 0 0 0 0 0 0 0 0 0 0 0 0 0 0 0 0 0 0 0 0 1.78575e-05 1.78575e-05 1.78575e-05
312 4.16667e-05 0 0 0 0 0 0 0 0 0 0 0 0 0 0 0 0 0 0 0 0 0 0 0 1.78575e-05 1.78575e-05 1.78575e-05
95 4.16667e-05 0 0 0 0 0 0 0 0 0 0 0 0 0 0 0 0 0 0 0 0 0 0 0 1.78575e-05 1.78575e-05 1.78575e-05
119 4.16667e-05 0 0 0 0 0 0 0 0 0 0 0 0 0 0 0 0 0 0 0 0 0 0 0 1.78575e-05 1.78575e-05 1.78575e-05
151 0.000125 0 0 0 0 0 0 0 0 0 0 0 0 0 0 0 0 0 0 0 0 0 0 0 5.35743e-05 5.35743e-05 5.35743e-05
161 8.33333e-05 0 0 0 0 0 0 0 0 0 0 0 0 0 0 0 0 0 0 0 0 0 0 0 3.57156e-05 3.57156e-05 3.57156e-05
186 4.16667e-05 0 0 0 0 0 0 0 0 0 0 0 0 0 0 0 0 0 0 0 0 0 0 0 1.78575e-05 1.78575e-05 1.78575e-05
205 4.16667e-05 0 0 0 0 0 0 0 0 0 0 0 0 0 0 0 0 0 0 0 0 0 0 0 1.78575e-05 1.78575e-05 1.78575e-05
132 4.16667e-05 0 0 0 0 0 0 0 0 0 0 0 0 0 0 0 0 0 0 0 0 0 0 0 1.78575e-05 1.78575e-05 1.78575e-05
67 4.16667e-05 0 0 0 0 0 0 0 0 0 0 0 0 0 0 0 0 0 0 0 0 0 0 0 1.78575e-05 1.78575e-05 1.78575e-05
